10/3/2017 (Tue)

1. Vf1 
	a. Type: float64
	b. Size: (11,11)
	c. Vlaue: np.array([...],[...])
2. value
	a. Type: Object
	b. Size: (11,)
	c. Value: np.array([....],[....])

3. Potential number for Vf1:

-6.547	-22.65	-66.89	-148.9	-240.7	-281.7	-238.4	-145.5	-64.00	-20.81	-5.641
-5.675	-21.50	-65.14	-146.9	-238.3	-279.2	-236.2	-143.7	-62.51	-19.87	-4.970
-5.111	-20.70	-63.83	-145.1	-236.2	-277.0	-234.2	-142.1	-61.39	-19.22	-4.530
-4.745	-19.94	-62.68	-143.5	-234.4	-275.1	-232.5	-140.7	-60.41	-18.61	-4.221
-4.387	-19.29	-61.68	-142.0	-232.8	-273.4	-230.9	-139.5	-59.54	-18.07	-3.939
-4.149	-18.71	-60.82	-140.8	-231.3	-271.9	-229.5	-138.3	-58.78	-17.59	-3.738
-3.921	-18.23	-60.10	-139.7	-230.0	-270.4	-228.2	-137.3	-58.13	-17.18	-3.555
-3.738	-17.82	-59.43	-138.6	-228.7	-269.1	-227.0	-136.4	-57.57	-16.83	-3.401
-3.582	-17.48	-58.78	-137.7	-227.5	-267.8	-225.9	-135.5	-57.02	-16.54	-3.269
-3.435	-17.14	-58.17	-136.8	-226.4	-266.7	-224.8	-134.7	-56.50	-16.25	-3.150
-3.313	-16.84	-57.60	-136.0	-225.3	-265.6	-223.8	-133.9	-56.00	-16.00	-3.042


10/4/2017(Wed)

1. After the "hard code" I did, the program still runs pretty slowly.
   Here is a part of the code that I changed in order to quicken the simulation,
   but it did not work as I would like it to.
	a. Code:
		Vf1 = np.array([[-6.791, -25.196, -78.671, -180.857, -2.972, -349.678, -294.754, -177.271, -75.644, -23.312, -5.879], \
                		[-5.918, -24.039, -76.906, -178.830, -2.948, -347.090, -292.421, -175.429, -74.134, -22.368, -5.209], \
                		[-5.355, -23.242, -75.586, -177.032, -2.926, -344.857, -290.405, -173.845, -73.003, -21.715, -4.768], \
                		[-4.988, -22.485, -74.429, -175.440, -2.907, -342.886, -288.621, -172.442, -72.013, -21.105, -4.460], \
               			[-4.630, -21.829, -73.412, -173.976, -2.891, -341.123, -287.019, -171.164, -71.138, -20.564, -4.177], \
                		[-4.392, -21.249, -72.536, -172.656, -2.875, -339.521, -285.577, -169.955, -70.364, -20.084, -3.976], \
                		[-4.164, -20.764, -71.797, -171.511, -2.862, -338.047, -284.260, -168.886, -69.697, -19.675, -3.793], \
                		[-3.982, -20.353, -71.123, -170.474, -2.849, -336.677, -283.034, -167.939, -69.124, -19.324, -3.639], \
                		[-3.826, -20.006, -70.470, -169.505, -2.837, -335.399, -281.883, -167.056, -68.572, -19.025, -3.507], \
                		[-3.678, -19.664, -69.859, -168.600, -2.825, -334.209, -280.792, -166.224, -68.045, -18.738, -3.388], \
                		[-3.556, -19.367, -69.285, -167.751, -2.814, -333.119, -279.735, -165.441, -67.544, -18.483, -3.279]])
		Vf1new = np.zeros((knpts, znpts))
		Pf1 = np.zeros((knpts, znpts))
		Jf1 = np.zeros((knpts, znpts))
	b. Comment from (a):
		i.	It takes 3078 iterations to get the difference as 0.
		ii. 	Notice that when iteration = 3077, distance = 1.42108547152e-14.
		iii.	Values of Vf1 = Vf1new = Vf2 = Vf2new, so would that be a problem?
		iv. Results:
			Vf1 = (same as Vf1new)
			-6.791463326324816308e+00 -2.519643277277404181e+01 -7.867197248991503500e+01 -1.808578526059635863e+02	-2.972690768511802730e+02 -3.496784971020233570e+02 -2.947546562582338652e+02 -1.772710376515686335e+02 -7.564432744637541361e+01 -2.331251958455591122e+01 -5.879986608270678872e+00
			-5.918921006727991596e+00 -2.403984240317097587e+01 -7.690681074350078461e+01 -1.788300634600386445e+02	-2.948093103195161007e+02 -3.470909403770741619e+02 -2.924213827439813258e+02 -1.754294353394807047e+02 -7.413410624749305100e+01 -2.236891869427937607e+01 -5.209272985876463480e+00
			-5.355092532307332398e+00 -2.324241075288652780e+01 -7.558690438050467719e+01 -1.770324329377806407e+02	-2.926646304604939246e+02 -3.448570682238518543e+02 -2.904050645451212063e+02 -1.738451410100250030e+02 -7.300322233933484029e+01 -2.171543328155379271e+01 -4.768791056723490129e+00
			-4.988699497734286226e+00 -2.248540351765633716e+01 -7.442934364842179207e+01 -1.754402449264626966e+02	-2.907770062496211949e+02 -3.428868718550001518e+02 -2.886210924508587823e+02 -1.724423172532539752e+02 -7.201308925588493537e+01 -2.110531919951884916e+01 -4.460320126735842550e+00
			-4.630823653143708363e+00 -2.182919514935721494e+01 -7.341244721969803777e+01 -1.739760461539855783e+02	-2.891003430493558426e+02 -3.411230787119539514e+02 -2.870192610335549830e+02 -1.711643624823102243e+02 -7.113858210858995790e+01 -2.056466474225971552e+01 -4.177828151134077572e+00
			-4.392772581256084941e+00 -2.124916505036239656e+01 -7.253676283189405183e+01 -1.726567802737838520e+02	-2.875949971322164060e+02 -3.395215984978742654e+02 -2.855775435432497602e+02 -1.699559464929271542e+02 -7.036401722898756361e+01 -2.008468800774453911e+01 -3.976319655431399980e+00
			-4.164267489725342664e+00 -2.076478932516448950e+01 -7.179755021443682494e+01 -1.715113164279468378e+02	-2.862138755474270511e+02 -3.380471407043418708e+02 -2.842603890426645989e+02 -1.688867096319704899e+02 -6.969784189467061708e+01 -1.967553712389295839e+01 -3.793555125035434905e+00
			-3.982114350978749329e+00 -2.035305592082056947e+01 -7.112315778287378976e+01 -1.704743072527558354e+02	-2.849277879939979812e+02 -3.366772496894308802e+02 -2.830346840918800240e+02 -1.679396019642253748e+02 -6.912492767780305769e+01 -1.932454388345513152e+01 -3.639203218714936128e+00
			-3.826012478945921114e+00 -2.000643165644106958e+01 -7.047006922490938052e+01 -1.695055813177452535e+02	-2.837185057294701096e+02 -3.353992812521993301e+02 -2.818839664940251168e+02 -1.670560434877311593e+02 -6.857287573179506524e+01 -1.902577838383586695e+01 -3.507796989791115649e+00
			-3.678244572733407214e+00 -1.966424735700457660e+01 -6.985962516011348100e+01 -1.686004681582768967e+02	-2.825637963710811960e+02 -3.342097310535644397e+02 -2.807920094994533997e+02 -1.662247412876409101e+02 -6.804539768263296651e+01 -1.873863475020002767e+01 -3.388224014390474270e+00
			-3.556338894209706059e+00 -1.936782511270284957e+01 -6.928575771442365294e+01 -1.677514129056119714e+02	-2.814447735651155540e+02 -3.331194252256254913e+02 -2.797350077436317974e+02 -1.654414396378836614e+02 -6.754426758215160476e+01 -1.848300678285222531e+01 -3.279763018612355641e+00

			Vf2 = (same as Vf1new)
			-6.791463326324816308e+00 -2.519643277277404181e+01 -7.867197248991503500e+01 -1.808578526059635863e+02 -2.972690768511802730e+02 -3.496784971020233570e+02 -2.947546562582338652e+02 -1.772710376515686335e+02	-7.564432744637541361e+01 -2.331251958455591122e+01 -5.879986608270678872e+00
			-5.918921006727991596e+00 -2.403984240317097587e+01 -7.690681074350078461e+01 -1.788300634600386445e+02	-2.948093103195161007e+02 -3.470909403770741619e+02 -2.924213827439813258e+02 -1.754294353394807047e+02	-7.413410624749305100e+01 -2.236891869427937607e+01 -5.209272985876463480e+00
			-5.355092532307332398e+00 -2.324241075288652780e+01 -7.558690438050467719e+01 -1.770324329377806407e+02	-2.926646304604939246e+02 -3.448570682238518543e+02 -2.904050645451212063e+02 -1.738451410100250030e+02	-7.300322233933484029e+01 -2.171543328155379271e+01 -4.768791056723490129e+00
			-4.988699497734286226e+00 -2.248540351765633716e+01 -7.442934364842179207e+01 -1.754402449264626966e+02	-2.907770062496211949e+02 -3.428868718550001518e+02 -2.886210924508587823e+02 -1.724423172532539752e+02	-7.201308925588493537e+01 -2.110531919951884916e+01 -4.460320126735842550e+00
			-4.630823653143708363e+00 -2.182919514935721494e+01 -7.341244721969803777e+01 -1.739760461539855783e+02	-2.891003430493558426e+02 -3.411230787119539514e+02 -2.870192610335549830e+02 -1.711643624823102243e+02	-7.113858210858995790e+01 -2.056466474225971552e+01 -4.177828151134077572e+00
			-4.392772581256084941e+00 -2.124916505036239656e+01 -7.253676283189405183e+01 -1.726567802737838520e+02	-2.875949971322164060e+02 -3.395215984978742654e+02 -2.855775435432497602e+02 -1.699559464929271542e+02	-7.036401722898756361e+01 -2.008468800774453911e+01 -3.976319655431399980e+00
			-4.164267489725342664e+00 -2.076478932516448950e+01 -7.179755021443682494e+01 -1.715113164279468378e+02	-2.862138755474270511e+02 -3.380471407043418708e+02 -2.842603890426645989e+02 -1.688867096319704899e+02	-6.969784189467061708e+01 -1.967553712389295839e+01 -3.793555125035434905e+00
			-3.982114350978749329e+00 -2.035305592082056947e+01 -7.112315778287378976e+01 -1.704743072527558354e+02	-2.849277879939979812e+02 -3.366772496894308802e+02 -2.830346840918800240e+02 -1.679396019642253748e+02	-6.912492767780305769e+01 -1.932454388345513152e+01 -3.639203218714936128e+00
			-3.826012478945921114e+00 -2.000643165644106958e+01 -7.047006922490938052e+01 -1.695055813177452535e+02	-2.837185057294701096e+02 -3.353992812521993301e+02 -2.818839664940251168e+02 -1.670560434877311593e+02	-6.857287573179506524e+01 -1.902577838383586695e+01 -3.507796989791115649e+00
			-3.678244572733407214e+00 -1.966424735700457660e+01 -6.985962516011348100e+01 -1.686004681582768967e+02	-2.825637963710811960e+02 -3.342097310535644397e+02 -2.807920094994533997e+02 -1.662247412876409101e+02	-6.804539768263296651e+01 -1.873863475020002767e+01 -3.388224014390474270e+00
			-3.556338894209706059e+00 -1.936782511270284957e+01 -6.928575771442365294e+01 -1.677514129056119714e+02	-2.814447735651155540e+02 -3.331194252256254913e+02 -2.797350077436317974e+02 -1.654414396378836614e+02	-6.754426758215160476e+01 -1.848300678285222531e+01 -3.279763018612355641e+00
			
			Pf1 = (same as Pf2)
			2.073977251072604666e+00 2.073977251072604666e+00 2.073977251072604666e+00 2.488772701287125688e+00 2.488772701287125688e+00 2.488772701287125688e+00 2.488772701287125688e+00	2.488772701287125688e+00 2.073977251072604666e+00 2.073977251072604666e+00 2.073977251072604666e+00
			2.073977251072604666e+00 2.488772701287125688e+00 2.488772701287125688e+00 2.903568151501646710e+00 2.903568151501646710e+00 2.903568151501646710e+00 2.903568151501646710e+00	2.903568151501646710e+00 2.488772701287125688e+00 2.488772701287125688e+00 2.073977251072604666e+00
			2.488772701287125688e+00 2.488772701287125688e+00 2.903568151501646710e+00 3.318363601716167288e+00 3.318363601716167288e+00 3.318363601716167288e+00 3.318363601716167288e+00	3.318363601716167288e+00 2.903568151501646710e+00 2.903568151501646710e+00 2.488772701287125688e+00
			2.488772701287125688e+00 2.903568151501646710e+00 3.318363601716167288e+00 3.733159051930688310e+00 3.733159051930688310e+00 3.733159051930688310e+00 3.733159051930688310e+00	3.733159051930688310e+00 3.318363601716167288e+00 2.903568151501646710e+00 2.488772701287125688e+00
			2.903568151501646710e+00 3.318363601716167288e+00 3.733159051930688310e+00 3.733159051930688310e+00 4.147954502145209332e+00 4.147954502145209332e+00 4.147954502145209332e+00	4.147954502145209332e+00 3.733159051930688310e+00 3.318363601716167288e+00 2.903568151501646710e+00
			3.318363601716167288e+00 3.733159051930688310e+00 4.147954502145209332e+00 4.147954502145209332e+00 4.562749952359729910e+00 4.562749952359729910e+00 4.562749952359729910e+00	4.147954502145209332e+00 4.147954502145209332e+00 3.733159051930688310e+00 3.318363601716167288e+00
			3.733159051930688310e+00 4.147954502145209332e+00 4.562749952359729910e+00 4.562749952359729910e+00 4.977545402574250488e+00 4.977545402574250488e+00 4.977545402574250488e+00	4.562749952359729910e+00 4.562749952359729910e+00 4.147954502145209332e+00 3.733159051930688310e+00
			3.733159051930688310e+00 4.562749952359729910e+00 4.562749952359729910e+00 4.977545402574250488e+00 5.392340852788771954e+00 5.392340852788771954e+00 5.392340852788771954e+00	4.977545402574250488e+00 4.977545402574250488e+00 4.562749952359729910e+00 3.733159051930688310e+00
			4.147954502145209332e+00 4.977545402574250488e+00 4.977545402574250488e+00 5.392340852788771954e+00 5.807136303003293420e+00 5.807136303003293420e+00 5.807136303003293420e+00	5.392340852788771954e+00 4.977545402574250488e+00 4.977545402574250488e+00 4.147954502145209332e+00
			4.562749952359729910e+00 4.977545402574250488e+00 5.392340852788771954e+00 5.807136303003293420e+00 5.807136303003293420e+00 6.221931753217813998e+00 6.221931753217813998e+00	5.807136303003293420e+00 5.392340852788771954e+00 4.977545402574250488e+00 4.562749952359729910e+00
			4.562749952359729910e+00 5.392340852788771954e+00 5.807136303003293420e+00 6.221931753217813998e+00 6.221931753217813998e+00 6.221931753217813998e+00 6.221931753217813998e+00	6.221931753217813998e+00 5.807136303003293420e+00 5.392340852788771954e+00 4.562749952359729910e+00

			Jf1 = (same as Jf2)
			5.000000000000000000e-01 5.000000000000000000e-01 5.000000000000000000e-01 8.000000000000000444e-01 8.000000000000000444e-01 7.000000000000000666e-01 7.000000000000000666e-01 7.000000000000000666e-01	5.000000000000000000e-01 5.000000000000000000e-01 5.000000000000000000e-01
			4.000000000000000222e-01 5.000000000000000000e-01 5.000000000000000000e-01 7.000000000000000666e-01 7.000000000000000666e-01 7.000000000000000666e-01 7.000000000000000666e-01 7.000000000000000666e-01	5.000000000000000000e-01 5.000000000000000000e-01 4.000000000000000222e-01
			4.000000000000000222e-01 4.000000000000000222e-01 5.000000000000000000e-01 7.000000000000000666e-01 7.000000000000000666e-01 7.000000000000000666e-01 7.000000000000000666e-01 7.000000000000000666e-01	5.000000000000000000e-01 5.000000000000000000e-01 4.000000000000000222e-01
			3.000000000000000444e-01 4.000000000000000222e-01 5.000000000000000000e-01 7.000000000000000666e-01 7.000000000000000666e-01 7.000000000000000666e-01 7.000000000000000666e-01 7.000000000000000666e-01	5.000000000000000000e-01 4.000000000000000222e-01 3.000000000000000444e-01
			3.000000000000000444e-01 4.000000000000000222e-01 5.000000000000000000e-01 5.000000000000000000e-01 7.000000000000000666e-01 7.000000000000000666e-01 7.000000000000000666e-01 7.000000000000000666e-01	5.000000000000000000e-01 4.000000000000000222e-01 3.000000000000000444e-01
			3.000000000000000444e-01 4.000000000000000222e-01 5.000000000000000000e-01 5.000000000000000000e-01 7.000000000000000666e-01 7.000000000000000666e-01 7.000000000000000666e-01 5.000000000000000000e-01	5.000000000000000000e-01 4.000000000000000222e-01 3.000000000000000444e-01
			3.000000000000000444e-01 4.000000000000000222e-01 5.000000000000000000e-01 5.000000000000000000e-01 7.000000000000000666e-01 7.000000000000000666e-01 7.000000000000000666e-01 5.000000000000000000e-01	5.000000000000000000e-01 4.000000000000000222e-01 3.000000000000000444e-01
			2.000000000000000111e-01 4.000000000000000222e-01 4.000000000000000222e-01 5.000000000000000000e-01 7.000000000000000666e-01 7.000000000000000666e-01 7.000000000000000666e-01 5.000000000000000000e-01	5.000000000000000000e-01 4.000000000000000222e-01 2.000000000000000111e-01
			3.000000000000000444e-01 4.000000000000000222e-01 4.000000000000000222e-01 5.000000000000000000e-01 7.000000000000000666e-01 7.000000000000000666e-01 7.000000000000000666e-01 5.000000000000000000e-01	4.000000000000000222e-01 4.000000000000000222e-01 3.000000000000000444e-01
			3.000000000000000444e-01 3.000000000000000444e-01 4.000000000000000222e-01 5.000000000000000000e-01 5.000000000000000000e-01 7.000000000000000666e-01 7.000000000000000666e-01 5.000000000000000000e-01	4.000000000000000222e-01 3.000000000000000444e-01 3.000000000000000444e-01
			2.000000000000000111e-01 3.000000000000000444e-01 4.000000000000000222e-01 6.000000000000000888e-01 5.000000000000000000e-01 5.000000000000000000e-01 5.000000000000000000e-01 5.000000000000000000e-01	4.000000000000000222e-01 3.000000000000000444e-01 2.000000000000000111e-01



Meeting with Dr. Phillips 10/4/2017 (Wed)

1. Pickle Library - to save the values from each wanted variables
		  - then after the 1st simulations, we can save the data in a pickle file.
		  - then we do not need to simulate again and again.
		  - we can just use the old data to show the result.
		  - see the code Dr. Phillips wrote.

2. How can we increase the accuracy of the VFI
	a. Increase the number of Grid points => increasde the accuracy of the VF
 	b. Change the convergent crit to higher
	c. 	
	d. 

3. We may not go to the right SS
	a. maybe a bad fit of poly
	b. set ccrit = 1.0E-09

4. To do list
	a. Get a bigger grid.

10/4/2017 (Thu)
1. Action
	a. Changes: znpts = 21, znpts = 21, znpts = 21, ccrit = 1.0E-09
	b. Results: Takes longer time to do the 1st simulation, and the iteration stops at 2049th iteration. After that, I changed readVF = True on line 223, and I got the result right away.

2. Meeting with Dr. Phillips
	Thoughts from Phillips:
	a. We did not start the initial value correctly for VFI. We set that as kbar at the begining for the VFI, but we should have  
	b. We should normalize the variables such as k, ell, u, and c for the sake of comparison between Linearized and VFI models.
	c. To choose a good starting value for our VFI model:
		i.	we should use the coeffs values instead of the PF1 and other actual values
			since the coeffs values are from the polynomial. we do not need to look at the actual PFs values.


10/9/2017 (Mon)
1. Dr. Phillips made some changes on the graphs, so we can plot the data 
   from both the linearized and VFI versions of the Simple ILA Model.

2. Dr.Phillips made some changes on 2 functions: Modeldefs and Modeldyn. In these two files, Dr. Phillips have used the variable Y ambiguously. 
   It stands for the vector of jump variables AND for GDP. This has been corrected in the attached file. Just copy and paste the two functions 
   included in place of the ones you now have.

3. Emailed Dr. Condie about switching computers.

4. Simulate the the model and save the results.
	a. When readVF = True, ccrit = 1.0E-10, maxwhile = 4000, znpts = knpts = ellnpts = 21  =>  Converges after 1633 iterations

		Vf1 =	-2.890209613471316885e+00, -5.109628433701296935e+00, -8.531401496434146026e+00, -1.473410448211546075e+01, -2.820936716682624024e+01, -5.808518265883006393e+01, -1.157442998551400848e+02, -2.058972065871256234e+02,	-3.147147485921614134e+02, -4.069478065087512277e+02, -4.428572135016311790e+02, -4.050399065179209970e+02, -3.114799494447264010e+02, -2.021895965229285821e+02, -1.122620209885393763e+02, -5.520502980957862604e+01,	-2.598993704246230152e+01, -1.308322945569783613e+01, -7.367167800759505170e+00, -4.338313099621871949e+00, -2.421347714154026942e+00
			-2.481751587686997773e+00, -4.707396838459779964e+00, -8.078377793104220217e+00, -1.419118964789416459e+01, -2.764818605695384690e+01, -5.742969096141665375e+01, -1.150050525779515880e+02, -2.050538402662502904e+02,	-3.137749729973224362e+02, -4.059608767173401702e+02, -4.418632599570385082e+02, -4.040808159812769986e+02, -3.106028981231471562e+02, -2.014270817721874494e+02, -1.116133687112956920e+02, -5.464487395979229944e+01,	-2.552102870326905659e+01, -1.264361852687448007e+01, -7.005742491176608411e+00, -4.020773697378684730e+00, -2.107214558413615713e+00
			-2.196593785651780983e+00, -4.377268509301330823e+00, -7.691807653490114305e+00, -1.373116176368491104e+01, -2.712701507097715137e+01, -5.681987738535327281e+01, -1.143016588855157210e+02, -2.042611893349541674e+02,	-3.128867584999524070e+02, -4.050293313829424164e+02, -4.409141512594361529e+02, -4.031731881213267457e+02, -3.097726391247164770e+02, -2.007088677139313688e+02, -1.109996449686021265e+02, -5.412125665452178680e+01,	-2.508209089860683250e+01, -1.226649027439315454e+01, -6.693111907422206741e+00, -3.760825803129269396e+00, -1.879572603879919868e+00
			-1.987948411037427254e+00, -4.100471496958209450e+00, -7.329977202313336271e+00, -1.331571915430725994e+01, -2.662324769287265980e+01, -5.626074424205768310e+01, -1.136377231134923278e+02, -2.035136680085684873e+02,	-3.120477256809804771e+02, -4.041309222780330970e+02, -4.400083700645139970e+02, -4.023093301495179048e+02, -3.089871020349992250e+02, -2.000302293949342527e+02, -1.104137785427358125e+02, -5.364057393619059866e+01,	-2.465530935592492057e+01, -1.192296674006335877e+01, -6.401366288432751794e+00, -3.534857704946099854e+00, -1.710881505622294796e+00
			-1.834336604154886530e+00, -3.852438670382703378e+00, -7.015420187322229495e+00, -1.295045763336107214e+01, -2.617074692947496928e+01, -5.573697681942248749e+01, -1.130128972435562389e+02, -2.028055239739428544e+02,	-3.112496300056070595e+02, -4.032717667434964710e+02, -4.391561118124046175e+02, -4.014814873181417170e+02, -3.082390844954083491e+02, -1.993863965813215486e+02, -1.098607827088270170e+02, -5.318863816244606113e+01,	-2.427440382398945573e+01, -1.162127769072447592e+01, -6.144320614279267012e+00, -3.336012319111600011e+00, -1.583066575776212570e+00
			-1.682385219077691119e+00, -3.650446382170182247e+00, -6.744392681593825323e+00, -1.259290269401532925e+01, -2.574805681522438761e+01, -5.524588796782237665e+01, -1.124223018469576374e+02, -2.021324472012690023e+02,	-3.104923974611148765e+02, -4.024594913462843806e+02, -4.383397882623553983e+02, -4.006952684242176019e+02, -3.075290552063326572e+02, -1.987739051461479676e+02, -1.093367093237118723e+02, -5.276280905151848799e+01,	-2.391747511590939368e+01, -1.132579692828656981e+01, -5.922060903713473046e+00, -3.170273140447793292e+00, -1.464950973970819748e+00
			-1.567680097654363891e+00, -3.454503290871526300e+00, -6.483924059414007068e+00, -1.226544581892135888e+01, -2.535512813561414447e+01, -5.478073419670928246e+01, -1.118607225259104183e+02, -2.014922881124276444e+02,	-3.097691791841851909e+02, -4.016811730100167210e+02, -4.375497796054957576e+02, -3.999414207095873621e+02, -3.068501907860695610e+02, -1.981910780026141197e+02, -1.088377493543035541e+02, -5.235783137171742396e+01,	-2.358329676692185828e+01, -1.105441013855212518e+01, -5.703941959226258795e+00, -3.009677408674324095e+00, -1.368065460623766771e+00
			-1.461214787816029093e+00, -3.292257684034317400e+00, -6.251614289016238502e+00, -1.196067468700384673e+01, -2.499133067081976733e+01, -5.432718118288602938e+01, -1.113293567826525958e+02, -2.008788088160889913e+02,	-3.090803773420949483e+02, -4.009446304615356098e+02, -4.368039116744114949e+02, -3.992281140283918717e+02, -3.062034068108518454e+02, -1.976316220826981862e+02, -1.083667664414861065e+02, -5.196069083324854887e+01,	-2.327277647268801886e+01, -1.079925359288788123e+01, -5.513343811500656777e+00, -2.876324440863489595e+00, -1.282888108848682096e+00
			-1.370271298181261255e+00, -3.144117004557168471e+00, -6.034720321723746395e+00, -1.168451704384498768e+01, -2.465259521980398105e+01, -5.390044618040420943e+01, -1.108222579127467924e+02, -2.002924919253919995e+02,	-3.084202919801179519e+02, -4.002358279693472696e+02, -4.360851846121330482e+02, -3.985412988777211467e+02, -3.055827208952053411e+02, -1.970963821312750213e+02, -1.079163070510200271e+02, -5.159161562482476171e+01,	-2.298732592042277645e+01, -1.056844848986369456e+01, -5.332254662355790487e+00, -2.752343780846682186e+00, -1.205217772269286503e+00
			-1.292340832187823585e+00, -3.002447447046907580e+00, -5.842623339277939642e+00, -1.143173956943390479e+01, -2.432043693539495166e+01, -5.349345081400150548e+01, -1.103408818731600007e+02, -1.997199067081436681e+02,	-3.077931296829489725e+02, -3.995653990769470738e+02, -4.354068659895881979e+02, -3.978918763477569200e+02, -3.049930558501080213e+02, -1.965729920199911760e+02, -1.074869463424070375e+02, -5.123929869649113300e+01,	-2.270861271991608987e+01, -1.035504269939075961e+01, -5.171477355837224898e+00, -2.637630356620522143e+00, -1.141682676849550715e+00
			-1.222343994198823003e+00, -2.877169313003327566e+00, -5.654550122316006622e+00, -1.118396373809085276e+01, -2.400637949537167160e+01, -5.310680505424155484e+01, -1.098837179662821768e+02, -1.991741858734917230e+02,	-3.071883616182251444e+02, -3.989174704643096447e+02, -4.347510609019740286e+02, -3.972640536798425615e+02, -3.044241908931651324e+02, -1.960727983346592112e+02, -1.070780396778410193e+02, -5.090260832622609399e+01,	-2.244278600224095754e+01, -1.014449888630157481e+01, -5.016057937123031607e+00, -2.533229586511044129e+00, -1.080732106757518629e+00
			-1.164838662597898367e+00, -2.762425040923741193e+00, -5.481730887314434142e+00, -1.095430261342975164e+01, -2.370626494768775316e+01, -5.274125026798211735e+01, -1.094480808070669440e+02, -1.986505528272998333e+02,	-3.066121911339477037e+02, -3.983048130907647533e+02, -4.341327735660702274e+02, -3.966706380471337638e+02, -3.038827702309482106e+02, -1.955925008497290492e+02, -1.066875244351818992e+02, -5.058301860875732103e+01,	-2.218650420050834171e+01, -9.951719226180216538e+00, -4.871046709929848895e+00, -2.437502809922155844e+00, -1.030688197608564671e+00
			-1.107489224133219707e+00, -2.654123308824050120e+00, -5.325090469793105186e+00, -1.073342631987852336e+01, -2.342428203449125945e+01, -5.239572701296159352e+01, -1.090300358206610696e+02, -1.981473384511984364e+02,	-3.060530196625189205e+02, -3.977109394245951535e+02, -4.335339012014305808e+02, -3.960951412564113525e+02, -3.033571249323346137e+02, -1.951313534185904928e+02, -1.063120005248608635e+02, -5.028000871783425652e+01,	-2.194480762881579494e+01, -9.765484987152788676e+00, -4.741323048575738497e+00, -2.348763635366606817e+00, -9.824165144319630949e-01
			-1.051154213785674196e+00, -2.557726753353255500e+00, -5.178150463007480830e+00, -1.052953639689470577e+01, -2.315859229633639416e+01, -5.206900364199269404e+01, -1.086220254086963166e+02, -1.976611270496031239e+02,	-3.055206725632507414e+02, -3.971503903076597339e+02, -4.329703282576243168e+02, -3.955518806044973985e+02, -3.028569302205682447e+02, -1.946877453987964373e+02, -1.059442486346656693e+02, -4.999256339757436507e+01,	-2.171659903487060461e+01, -9.593563610630770455e+00, -4.618436756763872886e+00, -2.266909588677953558e+00, -9.383074784271964175e-01
			-1.005897376493609663e+00, -2.468806013264888133e+00, -5.033323581769725052e+00, -1.033804377111731476e+01, -2.291021355481778343e+01, -5.175237554725598699e+01, -1.082230164855213133e+02, -1.971956286446296076e+02,	-3.049972255209001446e+02, -3.966077021714586408e+02, -4.324237341492069504e+02, -3.950260059371429406e+02, -3.023632845188734564e+02, -1.942630764317255796e+02, -1.055900902387971172e+02, -4.972095736633355045e+01,	-2.150252388151407601e+01, -9.432664833210250066e+00, -4.497545518183390989e+00, -2.189652838419019254e+00, -8.984139483418944749e-01
			-9.630449848825376469e-01, -2.380956127213007534e+00, -4.900192818037335307e+00, -1.015358249849933614e+01, -2.267188189973387225e+01, -5.144152407817065864e+01, -1.078382212218968874e+02, -1.967512735407740081e+02,	-3.044952005356996665e+02, -3.960983464866948793e+02, -4.319100458210063493e+02, -3.945313706950426536e+02, -3.018912526545587980e+02, -1.938570892290601648e+02, -1.052487353631812255e+02, -4.945422206627240058e+01,	-2.129906617997528784e+01, -9.275749762361977346e+00, -4.385222002211089709e+00, -2.117775417378384706e+00, -8.620832296895452052e-01
			-9.235227629792676085e-01, -2.302480510644667078e+00, -4.776573859462052596e+00, -9.976719285553762973e+00, -2.243822229751063446e+01, -5.114065743984798473e+01, -1.074679080371551407e+02, -1.963284122693085578e+02,	-3.040212947051222727e+02, -3.955950484138503498e+02, -4.314140563726662663e+02, -3.940434281555610596e+02, -3.014455339852771090e+02, -1.934704734289859402e+02, -1.049196154710230218e+02, -4.919346492285061601e+01,	-2.109912301890746278e+01, -9.126644013751745277e+00, -4.282096233640906746e+00, -2.051030902123722299e+00, -8.267138101230944169e-01
			-8.840479749629754913e-01, -2.232058126379417917e+00, -4.662547404292570974e+00, -9.809289498394241136e+00, -2.221421691700527390e+01, -5.084995634253539976e+01, -1.071124939205559485e+02, -1.959252540516038721e+02,	-3.035741232567695533e+02, -3.951260092042180645e+02, -4.309435091297063991e+02, -3.935888622512278516e+02, -3.010248046294394157e+02, -1.931013626622975892e+02, -1.046041507703464646e+02, -4.894034293922318568e+01,	-2.090702799013361357e+01, -8.985005163273596551e+00, -4.184388335268216963e+00, -1.990565990824274323e+00, -7.949598600092498968e-01
			-8.503223595764063392e-01, -2.162346841296875599e+00, -4.549933959172384412e+00, -9.650259184713524618e+00, -2.199831826234369814e+01, -5.057135396529714200e+01, -1.067727079184976446e+02, -1.955376691012327228e+02,	-3.031518062751279672e+02, -3.946911248438011626e+02, -4.305102730616757754e+02, -3.931673328862037238e+02, -3.006273931012768230e+02, -1.927460025349636510e+02, -1.043020074531050057e+02, -4.869690676757020498e+01,	-2.072183762327912149e+01, -8.849561057044684986e+00, -4.088546182846886978e+00, -1.931324525444854334e+00, -7.660677828617280527e-01
			-8.181126540515629708e-01, -2.095828762197563311e+00, -4.442528795912972228e+00, -9.500171145859511057e+00, -2.179315535489183731e+01, -5.030460104930973841e+01, -1.064468712128643801e+02, -1.951569907960878254e+02,	-3.027556450088495126e+02, -3.942908718760850206e+02, -4.301142022960920599e+02, -3.927788926472011894e+02, -3.002547641571946428e+02, -1.923964425258110111e+02, -1.040116392755355008e+02, -4.846320695072724760e+01,	-2.054493999100276724e+01, -8.721996750498155038e+00, -3.996796691790452272e+00, -1.876031374581196731e+00, -7.370055071181655926e-01
			-7.889155485905241516e-01, -2.034640457690966464e+00, -4.341140898695319272e+00, -9.357569847300268862e+00, -2.159635614440599483e+01, -5.005029413913945291e+01, -1.061362549308071834e+02, -1.947895740051158100e+02, -3.023841289206303600e+02, -3.939263913781891802e+02, -4.297544869720113070e+02, -3.924237593438702447e+02, -2.999040373336503649e+02, -1.920622647544023209e+02, -1.037350802885032977e+02, -4.823969529597389538e+01, -2.037487834086064353e+01, -8.598731381973847121e+00, -3.911427547516779235e+00, -1.824514323271442251e+00, -7.130758626722204507e-01

		Vf2 =	-2.890778151012954211e+00, -5.111656811626472674e+00, -8.534792562129805304e+00, -1.473892879389590682e+01, -2.821727443698650006e+01, -5.809954590058089252e+01, -1.157701699430632658e+02, -2.059422962705634745e+02, -3.147833879632993899e+02, -4.070352738831834927e+02, -4.429524935098936567e+02	-4.051265900734729826e+02, -3.115474499222181635e+02, -2.022330738464218598e+02, -1.122860931737490944e+02, -5.521752353776869171e+01, -2.599620403885036168e+01, -1.308679635916507245e+01, -7.369259786273895330e+00, -4.339536448856028628e+00, -2.422010543368787516e+00
			-2.482892017437416943e+00, -4.709386591903960806e+00, -8.081897742105399018e+00, -1.419670457014657039e+01, -2.765630196865009438e+01, -5.744447015481340912e+01, -1.150312473191299603e+02, -2.050993877195469963e+02, -3.138444455565157796e+02, -4.060494195135902942e+02, -4.419597805585209471e+02	-4.041692329141125128e+02, -3.106711636463527384e+02, -2.014711134875225582e+02, -1.116378307728052732e+02, -5.465793255027808328e+01, -2.552789473607115411e+01, -1.264771375777582563e+01, -7.008334891058066063e+00, -4.022576391902131121e+00, -2.108458192864891778e+00
			-2.198191519617657796e+00, -4.379431680844162678e+00, -7.695318920948861496e+00, -1.373674895031959053e+01, -2.713556352627847446e+01, -5.683501556919219411e+01, -1.143291579770843782e+02, -2.043073067492704809e+02, -3.129570469274029278e+02, -4.051191129832949969e+02, -4.410123139929349350e+02	-4.032626892403725947e+02, -3.098419013812487037e+02, -2.007535688596236696e+02, -1.110252497727820611e+02, -5.413457660127698290e+01, -2.508973391275716125e+01, -1.227109515058415035e+01, -6.696299786545953481e+00, -3.763051204690171847e+00, -1.880809708849872308e+00
			-1.989466991568000553e+00, -4.103113126683123113e+00, -7.333611316361548838e+00, -1.332154788078389807e+01, -2.663263537200509390e+01, -5.627601182578373340e+01, -1.136655215856766574e+02, -2.035602217656629307e+02, -3.121185941290106598e+02, -4.042228383610843707e+02, -4.401076367148158397e+02	-4.023998761679732183e+02, -3.090571046433875608e+02, -2.000755101937604366e+02, -1.104398342675993234e+02, -5.365419279991824908e+01, -2.466317081270585021e+01, -1.192777277824352034e+01, -6.404945913699059190e+00, -3.537085571943770823e+00, -1.712129336401696289e+00
			-1.835813586485982585e+00, -3.855303145688381061e+00, -7.019254503020461833e+00, -1.295632361885211914e+01, -2.618020450834985269e+01, -5.575244595211317034e+01, -1.130410398793210760e+02, -2.028527552892942083e+02, -3.113213691273429617e+02, -4.033646788856635226e+02, -4.392562165197569470e+02	-4.015739747938872028e+02, -3.083099367665341788e+02, -1.994323543747914016e+02, -1.098873145970188148e+02, -5.320267029603428455e+01, -2.428244952169654169e+01, -1.162626800114131065e+01, -6.148044174107185178e+00, -3.338404689615984022e+00, -1.584339984013819258e+00
			-1.684066418069451343e+00, -3.653256504558057838e+00, -6.748357441948743762e+00, -1.259887420600970387e+01, -2.575761397307230993e+01, -5.526166660582563850e+01, -1.124509047801662263e+02, -2.021800955239445443e+02, -3.105646504127558956e+02, -4.025530729025775827e+02, -4.384418435922722210e+02	-4.007885530741377806e+02, -3.076006076040850985e+02, -1.988204368346899571e+02, -1.093637526293525326e+02, -5.277721466253084515e+01, -2.392592633109348199e+01, -1.133138082538330771e+01, -5.925894735182661854e+00, -3.172690200033204011e+00, -1.466439720325772411e+00
			-1.569180891598844774e+00, -3.457466204569618284e+00, -6.488258672712115427e+00, -1.227149904018001259e+01, -2.536487446808884627e+01, -5.479695968437074072e+01, -1.118897759912938596e+02, -2.015406958141028895e+02, -3.098423279297736030e+02, -4.017757411031729475e+02, -4.376528780822951035e+02	-4.000356919784509842e+02, -3.069226040161826177e+02, -1.982383122296348290e+02, -1.088653151746820953e+02, -5.237272204426752609e+01, -2.359198931934554011e+01, -1.106030719987345812e+01, -5.707809045054082375e+00, -3.012109388336660754e+00, -1.369594504024058246e+00
			-1.462711015710940643e+00, -3.295295367726252422e+00, -6.255668688795377186e+00, -1.196690754811147883e+01, -2.500122385256862856e+01, -5.434429968622636409e+01, -1.113587027878580216e+02, -2.009275572173864646e+02, -3.091540457761645371e+02, -4.010398837909753524e+02, -4.369078207373439682e+02	-3.993232169306010064e+02, -3.062765476672875593e+02, -1.976794069718294793e+02, -1.083947016830120731e+02, -5.197641851554863024e+01, -2.328170358611473389e+01, -1.080530093148382420e+01, -5.517330431713559413e+00, -2.878829015407535330e+00, -1.284426402142973878e+00
			-1.371808390785359322e+00, -3.147139956940552263e+00, -6.038937964853351659e+00, -1.169074022945924085e+01, -2.466259316671111890e+01, -5.391767368704704921e+01, -1.108517757162646831e+02, -2.003425110422257376e+02, -3.084946807837326332e+02, -4.003320495773144216e+02, -4.361901587206684781e+02	-3.986373906669413145e+02, -3.056566285146664086e+02, -1.971451252545465138e+02, -1.079446410042433797e+02, -5.160750239201924927e+01, -2.299633113870013901e+01, -1.057462307197899420e+01, -5.336278452473073308e+00, -2.754893886135814984e+00, -1.206496757046011226e+00
			-1.293864746850553749e+00, -3.005508691500931029e+00, -5.847333960087715887e+00, -1.143800996097115963e+01, -2.433050084318966455e+01, -5.351077937571162835e+01, -1.103705937755576656e+02, -1.997703432525677556e+02, -3.078680604509689829e+02, -3.996623040084582499e+02, -4.355126693824006452e+02	-3.979888357551416220e+02, -3.050677155066154569e+02, -1.966223929157242480e+02, -1.075154768140948107e+02, -5.125562765765833717e+01, -2.271830869612256265e+01, -1.036127492419004170e+01, -5.175550987926989421e+00, -2.640277637686627710e+00, -1.142969056298820618e+00
			-1.223913931355949281e+00, -2.879866288265152008e+00, -5.658737122301822353e+00, -1.119030197507571600e+01, -2.401656475248781675e+01, -5.312420242949468729e+01, -1.099136710166391850e+02, -1.992250526658513081e+02, -3.072640890712601163e+02, -3.990153886367743894e+02, -4.348579545833108000e+02	-3.973620305601799032e+02, -3.044996913035655552e+02, -1.961227205420930488e+02, -1.071068012406688297e+02, -5.091899589579245600e+01, -2.245248652002299039e+01, -1.015079039901519486e+01, -5.020215663568491138e+00, -2.535901883576284099e+00, -1.082093736337591316e+00
			-1.166406329420772936e+00, -2.765171430970272404e+00, -5.485983004619941816e+00, -1.096083986024129153e+01, -2.371642358168974241e+01, -5.275874131338889583e+01, -1.094783648737876263e+02, -1.987019646524658754e+02, -3.066884080547422968e+02, -3.984033881581737546e+02, -4.342405190702820050e+02	-3.967695259584484120e+02, -3.039590742312691418e+02, -1.956430400690620957e+02, -1.067166434376206752e+02, -5.059941046735230685e+01, -2.219605706126414901e+01, -9.958123347028301708e+00, -4.875194513825729992e+00, -2.439882362435860763e+00, -1.031870799020955687e+00
			-1.108852678292124638e+00, -2.656891097135229085e+00, -5.329549586106686831e+00, -1.073975278965918889e+01, -2.343451315867755724e+01, -5.241331994071268952e+01, -1.090608325158758163e+02, -1.981992601407076791e+02, -3.061300735858450821e+02, -3.978105666749976308e+02, -4.336427473042263614e+02	-3.961950501736790784e+02, -3.034342800324535574e+02, -1.951825470023654816e+02, -1.063416480385286036e+02, -5.029650260608819679e+01, -2.195431268462732177e+01, -9.771948476077545465e+00, -4.745535036726295175e+00, -2.351181319207015896e+00, -9.836160470215316032e-01
			-1.052595921843659577e+00, -2.560516352611637458e+00, -5.182286257027160836e+00, -1.053596992608899008e+01, -2.316882125842798601e+01, -5.208678431918447416e+01, -1.086537816246339077e+02, -1.977133859475725046e+02, -3.055980795063398432e+02, -3.972506727450169137e+02, -4.330800626051070026e+02	-3.956527573342123674e+02, -3.029349258035911134e+02, -1.947394222814296256e+02, -1.059747934583523516e+02, -5.000924890596214567e+01, -2.172612463549366169e+01, -9.599994115690401841e+00, -4.622709194744475170e+00, -2.269252128900198340e+00, -9.395888986535416709e-01
			-1.007405412875444384e+00, -2.471651944291263447e+00, -5.037522210946675294e+00, -1.034446019239676851e+01, -2.292045455487920691e+01, -5.177033566039745693e+01, -1.082549393946137855e+02, -1.972479796328957207e+02, -3.050759026860848735e+02, -3.967089646517007395e+02, -4.325345912800586348e+02	-3.951278201582755969e+02, -3.024423507051704405e+02, -1.943152432070272937e+02, -1.056208396619742729e+02, -4.973770732617759904e+01, -2.151207734435710961e+01, -9.439144883436087596e+00, -4.501773470958597478e+00, -2.192084893737308526e+00, -8.997810087356596931e-01
			-9.643607579367162730e-01, -2.383838670227613754e+00, -4.904450557688623924e+00, -1.016007821702473990e+01, -2.268223366609885971e+01, -5.145958417680170527e+01, -1.078702141133265258e+02, -1.968035728817660868e+02, -3.045743365168341370e+02, -3.962002968487531689e+02, -4.320217579277365871e+02	-3.946343962341301221e+02, -3.019710113602733372e+02, -1.939096879878274819e+02, -1.052798702436030283e+02, -4.947118063328075976e+01, -2.130926260380167037e+01, -9.282309377667170125e+00, -4.389029513342284972e+00, -2.120254273096507713e+00, -8.632423711733188121e-01
			-9.247559608737475623e-01, -2.305232921212932329e+00, -4.780875300840134123e+00, -9.983157861722167681e+00, -2.244860583752004501e+01, -5.115881092930694507e+01, -1.074989946315296976e+02, -1.963809273008425862e+02, -3.041008847975670619e+02, -3.956982574948445972e+02, -4.315270054150537931e+02	-3.941473334688264458e+02, -3.015260185154831447e+02, -1.935235275474730656e+02, -1.049509741816495278e+02, -4.921076545667630597e+01, -2.110886009645721373e+01, -9.133211209855179646e+00, -4.285951218124956164e+00, -2.053556444648879431e+00, -8.279666125101901031e-01
			-8.853605252406925308e-01, -2.234575554183916513e+00, -4.666757011910352304e+00, -9.815762439358136859e+00, -2.222469203994286957e+01, -5.086804009931910997e+01, -1.071436330572282429e+02, -1.959780331153184534e+02, -3.036541975202712251e+02, -3.952299280582233223e+02, -4.310573410699211081e+02	-3.936936909002404263e+02, -3.011060873581291162e+02, -1.931549412464431725e+02, -1.046357182100070986e+02, -4.895767775646779540e+01, -2.091702114767916498e+01, -8.991153122552091759e+00, -4.188347108792567219e+00, -1.992889534610559732e+00, -7.962228676497651314e-01
			-8.516560949486127186e-01, -2.164891859178693867e+00, -4.554213287926584641e+00, -9.656793190762400059e+00, -2.200878148138986745e+01, -5.058944290651465536e+01, -1.068039408234861725e+02, -1.955907741490643446e+02, -3.032323779908090273e+02, -3.947957540817722020e+02, -4.306250038226083916e+02	-3.932731104565226019e+02, -3.007095375915534419e+02, -1.928002462449347547e+02, -1.043337799379473410e+02, -4.871431568711020788e+01, -2.073168776857076878e+01, -8.855643357946389571e+00, -4.092519805702719005e+00, -1.933476617635558892e+00, -7.672213746266420831e-01
			-8.193255489690877136e-01, -2.098319949644719795e+00, -4.446872930406725821e+00, -9.506676510158301951e+00, -2.180363764740736698e+01, -5.032271442041371046e+01, -1.064782398639121084e+02, -1.952105476070229031e+02, -3.028366573971708817e+02, -3.943962016647060977e+02, -4.302298627882175879e+02	-3.928856401866223678e+02, -3.003377089904919330e+02, -1.924516441165172296e+02, -1.040436881684704389e+02, -4.848062669334126440e+01, -2.055476706829233535e+01, -8.728080447693955080e+00, -4.000809895092507062e+00, -1.878211755788818493e+00, -7.380725648061865485e-01
			-7.901306311395165372e-01, -2.037164383658343958e+00, -4.345499517150325453e+00, -9.364160261276461839e+00, -2.160686958133099367e+01, -5.006844473820211761e+01, -1.061677205620135567e+02, -1.948433633333122827e+02, -3.024655972186311033e+02, -3.940323963984944839e+02, -4.298711443375101453e+02	-3.925314933921374632e+02, -2.999879586999332446e+02, -1.921179147739479163e+02, -1.037672978399330503e+02, -4.825716561026692375e+01, -2.038462559951391029e+01, -8.604937805564178532e+00, -3.915268984719177503e+00, -1.826797324236546283e+00, -7.140529703702327424e-01

		Notes: Vf1 and Vf2 are slightly different from one another. But vf1 = Vf1new and Vf2 = Vf2new

		Pf1 =	2.488772701287125688e+00, 2.488772701287125688e+00, 2.488772701287125688e+00, 2.488772701287125688e+00,	2.654690881372934186e+00, 2.654690881372934186e+00, 2.820609061458742239e+00, 2.820609061458742239e+00,	2.820609061458742239e+00, 2.986527241544550737e+00, 2.986527241544550737e+00, 2.986527241544550737e+00,	2.820609061458742239e+00, 2.820609061458742239e+00,	2.820609061458742239e+00,	2.654690881372934186e+00,	2.654690881372934186e+00, 2.488772701287125688e+00,	2.488772701287125688e+00,	2.488772701287125688e+00,	2.488772701287125688e+00
			2.488772701287125688e+00, 2.488772701287125688e+00, 2.654690881372934186e+00, 2.654690881372934186e+00,	2.820609061458742239e+00, 2.820609061458742239e+00, 2.986527241544550737e+00, 2.986527241544550737e+00,	2.986527241544550737e+00, 3.152445421630359235e+00, 3.152445421630359235e+00, 3.152445421630359235e+00,	2.986527241544550737e+00, 2.986527241544550737e+00,	2.986527241544550737e+00,	2.820609061458742239e+00,	2.820609061458742239e+00, 2.654690881372934186e+00,	2.654690881372934186e+00,	2.488772701287125688e+00,	2.488772701287125688e+00
			2.488772701287125688e+00, 2.654690881372934186e+00, 2.654690881372934186e+00, 2.820609061458742239e+00,	2.986527241544550737e+00, 2.986527241544550737e+00, 2.986527241544550737e+00, 3.152445421630359235e+00,	3.152445421630359235e+00, 3.318363601716167288e+00, 3.318363601716167288e+00, 3.318363601716167288e+00,	3.152445421630359235e+00, 3.152445421630359235e+00,	2.986527241544550737e+00,	2.986527241544550737e+00,	2.820609061458742239e+00, 2.820609061458742239e+00,	2.654690881372934186e+00,	2.654690881372934186e+00,	2.488772701287125688e+00
			2.488772701287125688e+00, 2.654690881372934186e+00, 2.820609061458742239e+00, 2.986527241544550737e+00,	2.986527241544550737e+00, 3.152445421630359235e+00, 3.152445421630359235e+00, 3.318363601716167288e+00,	3.318363601716167288e+00, 3.318363601716167288e+00, 3.484281781801975786e+00, 3.484281781801975786e+00,	3.318363601716167288e+00, 3.318363601716167288e+00,	3.152445421630359235e+00,	3.152445421630359235e+00,	2.986527241544550737e+00, 2.986527241544550737e+00,	2.820609061458742239e+00,	2.654690881372934186e+00,	2.488772701287125688e+00
			2.488772701287125688e+00, 2.820609061458742239e+00, 2.986527241544550737e+00, 2.986527241544550737e+00,	3.152445421630359235e+00, 3.318363601716167288e+00, 3.318363601716167288e+00, 3.484281781801975786e+00,	3.484281781801975786e+00, 3.484281781801975786e+00, 3.650199961887784283e+00, 3.484281781801975786e+00,	3.484281781801975786e+00, 3.484281781801975786e+00,	3.318363601716167288e+00,	3.318363601716167288e+00,	3.152445421630359235e+00, 2.986527241544550737e+00,	2.986527241544550737e+00,	2.820609061458742239e+00,	2.488772701287125688e+00
			2.654690881372934186e+00, 2.820609061458742239e+00, 3.152445421630359235e+00, 3.152445421630359235e+00,	3.318363601716167288e+00, 3.484281781801975786e+00, 3.484281781801975786e+00, 3.650199961887784283e+00,	3.650199961887784283e+00, 3.650199961887784283e+00, 3.650199961887784283e+00, 3.650199961887784283e+00,	3.650199961887784283e+00, 3.650199961887784283e+00,	3.484281781801975786e+00,	3.484281781801975786e+00,	3.318363601716167288e+00, 3.152445421630359235e+00,	3.152445421630359235e+00,	2.820609061458742239e+00,	2.654690881372934186e+00
			2.654690881372934186e+00, 2.986527241544550737e+00, 3.152445421630359235e+00, 3.318363601716167288e+00,	3.484281781801975786e+00, 3.650199961887784283e+00, 3.650199961887784283e+00, 3.816118141973592337e+00,	3.816118141973592337e+00, 3.816118141973592337e+00, 3.816118141973592337e+00, 3.816118141973592337e+00,	3.816118141973592337e+00, 3.816118141973592337e+00,	3.650199961887784283e+00,	3.650199961887784283e+00,	3.484281781801975786e+00, 3.318363601716167288e+00,	3.152445421630359235e+00,	2.986527241544550737e+00,	2.654690881372934186e+00
			2.820609061458742239e+00, 3.152445421630359235e+00, 3.318363601716167288e+00, 3.484281781801975786e+00,	3.650199961887784283e+00, 3.650199961887784283e+00, 3.816118141973592337e+00, 3.982036322059400391e+00,	3.982036322059400391e+00, 3.982036322059400391e+00, 3.982036322059400391e+00, 3.982036322059400391e+00,	3.982036322059400391e+00, 3.982036322059400391e+00,	3.816118141973592337e+00,	3.650199961887784283e+00,	3.650199961887784283e+00, 3.484281781801975786e+00,	3.318363601716167288e+00,	3.152445421630359235e+00,	2.820609061458742239e+00
			2.820609061458742239e+00, 3.152445421630359235e+00, 3.484281781801975786e+00, 3.650199961887784283e+00,	3.650199961887784283e+00, 3.816118141973592337e+00, 3.982036322059400391e+00, 3.982036322059400391e+00,	4.147954502145209332e+00, 4.147954502145209332e+00, 4.147954502145209332e+00, 4.147954502145209332e+00,	4.147954502145209332e+00, 4.147954502145209332e+00,	3.982036322059400391e+00,	3.816118141973592337e+00,	3.816118141973592337e+00, 3.650199961887784283e+00,	3.484281781801975786e+00,	3.152445421630359235e+00,	2.820609061458742239e+00
			2.986527241544550737e+00, 3.318363601716167288e+00, 3.484281781801975786e+00, 3.816118141973592337e+00,	3.816118141973592337e+00, 3.982036322059400391e+00, 4.147954502145209332e+00, 4.147954502145209332e+00,	4.313872682231017386e+00, 4.313872682231017386e+00, 4.313872682231017386e+00, 4.313872682231017386e+00,	4.313872682231017386e+00, 4.147954502145209332e+00,	4.147954502145209332e+00,	3.982036322059400391e+00,	3.816118141973592337e+00, 3.650199961887784283e+00,	3.484281781801975786e+00,	3.318363601716167288e+00,	2.986527241544550737e+00
			2.986527241544550737e+00, 3.484281781801975786e+00, 3.650199961887784283e+00, 3.816118141973592337e+00,	3.982036322059400391e+00, 4.147954502145209332e+00, 4.313872682231017386e+00, 4.313872682231017386e+00,	4.479790862316825439e+00, 4.479790862316825439e+00, 4.479790862316825439e+00, 4.479790862316825439e+00,	4.479790862316825439e+00, 4.313872682231017386e+00,	4.313872682231017386e+00,	4.147954502145209332e+00,	3.982036322059400391e+00, 3.816118141973592337e+00,	3.650199961887784283e+00,	3.484281781801975786e+00,	2.986527241544550737e+00
			3.152445421630359235e+00, 3.484281781801975786e+00, 3.816118141973592337e+00, 3.982036322059400391e+00,	4.147954502145209332e+00, 4.313872682231017386e+00, 4.479790862316825439e+00, 4.479790862316825439e+00,	4.645709042402634381e+00, 4.645709042402634381e+00, 4.645709042402634381e+00, 4.645709042402634381e+00,	4.645709042402634381e+00, 4.479790862316825439e+00,	4.479790862316825439e+00,	4.313872682231017386e+00,	4.147954502145209332e+00, 3.982036322059400391e+00,	3.816118141973592337e+00,	3.484281781801975786e+00,	2.986527241544550737e+00
			3.152445421630359235e+00, 3.650199961887784283e+00, 3.982036322059400391e+00, 4.147954502145209332e+00,	4.313872682231017386e+00, 4.479790862316825439e+00, 4.645709042402634381e+00, 4.645709042402634381e+00,	4.811627222488442435e+00, 4.811627222488442435e+00, 4.811627222488442435e+00, 4.811627222488442435e+00,	4.811627222488442435e+00, 4.645709042402634381e+00,	4.645709042402634381e+00,	4.479790862316825439e+00,	4.313872682231017386e+00, 4.147954502145209332e+00,	3.982036322059400391e+00,	3.650199961887784283e+00,	3.152445421630359235e+00
			3.318363601716167288e+00, 3.816118141973592337e+00, 4.147954502145209332e+00, 4.313872682231017386e+00,	4.479790862316825439e+00, 4.645709042402634381e+00, 4.645709042402634381e+00, 4.811627222488442435e+00,	4.977545402574250488e+00, 4.977545402574250488e+00, 4.977545402574250488e+00, 4.977545402574250488e+00,	4.811627222488442435e+00, 4.811627222488442435e+00,	4.645709042402634381e+00,	4.645709042402634381e+00,	4.479790862316825439e+00, 4.313872682231017386e+00,	4.147954502145209332e+00,	3.816118141973592337e+00,	3.318363601716167288e+00
			3.318363601716167288e+00, 3.816118141973592337e+00, 4.147954502145209332e+00, 4.479790862316825439e+00,	4.645709042402634381e+00, 4.645709042402634381e+00, 4.811627222488442435e+00, 4.977545402574250488e+00,	4.977545402574250488e+00, 5.143463582660059430e+00, 5.143463582660059430e+00, 5.143463582660059430e+00,	4.977545402574250488e+00, 4.977545402574250488e+00,	4.811627222488442435e+00,	4.811627222488442435e+00,	4.645709042402634381e+00, 4.479790862316825439e+00,	4.147954502145209332e+00,	3.816118141973592337e+00,	3.318363601716167288e+00
			3.484281781801975786e+00, 3.982036322059400391e+00, 4.313872682231017386e+00, 4.479790862316825439e+00,	4.645709042402634381e+00, 4.811627222488442435e+00, 4.977545402574250488e+00, 5.143463582660059430e+00,	5.143463582660059430e+00, 5.309381762745867483e+00, 5.309381762745867483e+00, 5.143463582660059430e+00,	5.143463582660059430e+00, 5.143463582660059430e+00,	4.977545402574250488e+00,	4.811627222488442435e+00,	4.645709042402634381e+00, 4.479790862316825439e+00,	4.313872682231017386e+00,	3.982036322059400391e+00,	3.484281781801975786e+00
			3.650199961887784283e+00, 4.147954502145209332e+00, 4.479790862316825439e+00, 4.645709042402634381e+00,	4.811627222488442435e+00, 4.977545402574250488e+00, 5.143463582660059430e+00, 5.309381762745867483e+00,	5.309381762745867483e+00, 5.309381762745867483e+00, 5.309381762745867483e+00, 5.309381762745867483e+00,	5.309381762745867483e+00, 5.309381762745867483e+00,	5.143463582660059430e+00,	4.977545402574250488e+00,	4.811627222488442435e+00, 4.645709042402634381e+00,	4.479790862316825439e+00,	4.147954502145209332e+00,	3.484281781801975786e+00
			3.650199961887784283e+00, 4.147954502145209332e+00, 4.645709042402634381e+00, 4.811627222488442435e+00,	4.977545402574250488e+00, 5.143463582660059430e+00, 5.309381762745867483e+00, 5.475299942831675537e+00,	5.475299942831675537e+00, 5.475299942831675537e+00, 5.475299942831675537e+00, 5.475299942831675537e+00,	5.475299942831675537e+00, 5.475299942831675537e+00,	5.309381762745867483e+00,	5.143463582660059430e+00,	4.977545402574250488e+00, 4.811627222488442435e+00,	4.479790862316825439e+00,	4.147954502145209332e+00,	3.650199961887784283e+00
			3.816118141973592337e+00, 4.313872682231017386e+00, 4.645709042402634381e+00, 4.977545402574250488e+00,	5.143463582660059430e+00, 5.309381762745867483e+00, 5.475299942831675537e+00, 5.641218122917484479e+00,	5.641218122917484479e+00, 5.641218122917484479e+00, 5.641218122917484479e+00, 5.641218122917484479e+00,	5.641218122917484479e+00, 5.641218122917484479e+00,	5.475299942831675537e+00,	5.309381762745867483e+00,	5.143463582660059430e+00, 4.977545402574250488e+00,	4.645709042402634381e+00,	4.313872682231017386e+00,	3.650199961887784283e+00
			3.816118141973592337e+00, 4.479790862316825439e+00, 4.811627222488442435e+00, 5.143463582660059430e+00,	5.309381762745867483e+00, 5.475299942831675537e+00, 5.641218122917484479e+00, 5.641218122917484479e+00,	5.807136303003292532e+00, 5.807136303003292532e+00, 5.807136303003292532e+00, 5.807136303003292532e+00,	5.807136303003292532e+00, 5.641218122917484479e+00,	5.641218122917484479e+00,	5.475299942831675537e+00,	5.309381762745867483e+00, 5.143463582660059430e+00,	4.811627222488442435e+00,	4.479790862316825439e+00,	3.816118141973592337e+00
			3.982036322059400391e+00, 4.645709042402634381e+00, 4.977545402574250488e+00, 5.143463582660059430e+00,	5.475299942831675537e+00, 5.641218122917484479e+00, 5.807136303003292532e+00, 5.807136303003292532e+00,	5.807136303003292532e+00, 5.807136303003292532e+00, 5.807136303003292532e+00, 5.807136303003292532e+00,	5.807136303003292532e+00, 5.807136303003292532e+00,	5.807136303003292532e+00,	5.641218122917484479e+00,	5.475299942831675537e+00, 5.143463582660059430e+00,	4.977545402574250488e+00,	4.479790862316825439e+00,	3.816118141973592337e+00

		Pf2 =	2.483377909773772707e+00, 2.483377909773772707e+00, 2.483377909773772707e+00, 2.648936437092024310e+00,	2.648936437092024310e+00,	2.648936437092024310e+00	2.814494964410275912e+00	2.814494964410275912e+00	2.814494964410275912e+00	2.980053491728527071e+00	2.980053491728527071e+00	2.980053491728527071e+00, 2.814494964410275912e+00	2.814494964410275912e+00	2.814494964410275912e+00	2.648936437092024310e+00	2.648936437092024310e+00	2.483377909773772707e+00	2.483377909773772707e+00	2.483377909773772707e+00	2.483377909773772707e+00
			2.483377909773772707e+00, 2.483377909773772707e+00, 2.648936437092024310e+00, 2.648936437092024310e+00,	2.814494964410275912e+00,	2.814494964410275912e+00	2.980053491728527071e+00	2.980053491728527071e+00	2.980053491728527071e+00	3.145612019046778673e+00	3.145612019046778673e+00	3.145612019046778673e+00, 2.980053491728527071e+00	2.980053491728527071e+00	2.980053491728527071e+00	2.814494964410275912e+00	2.814494964410275912e+00	2.648936437092024310e+00	2.648936437092024310e+00	2.483377909773772707e+00	2.483377909773772707e+00
			2.483377909773772707e+00, 2.648936437092024310e+00, 2.648936437092024310e+00, 2.814494964410275912e+00,	2.980053491728527071e+00,	2.980053491728527071e+00	2.980053491728527071e+00	3.145612019046778673e+00	3.145612019046778673e+00	3.311170546365030276e+00	3.311170546365030276e+00	3.311170546365030276e+00, 3.145612019046778673e+00	3.145612019046778673e+00	2.980053491728527071e+00	2.980053491728527071e+00	2.814494964410275912e+00	2.814494964410275912e+00	2.648936437092024310e+00	2.648936437092024310e+00	2.483377909773772707e+00
			2.483377909773772707e+00, 2.648936437092024310e+00, 2.814494964410275912e+00, 2.980053491728527071e+00,	2.980053491728527071e+00,	3.145612019046778673e+00	3.145612019046778673e+00	3.311170546365030276e+00	3.311170546365030276e+00	3.311170546365030276e+00	3.476729073683281879e+00	3.476729073683281879e+00, 3.311170546365030276e+00	3.311170546365030276e+00	3.145612019046778673e+00	3.145612019046778673e+00	2.980053491728527071e+00	2.980053491728527071e+00	2.814494964410275912e+00	2.648936437092024310e+00	2.483377909773772707e+00
			2.483377909773772707e+00, 2.814494964410275912e+00, 2.980053491728527071e+00, 2.980053491728527071e+00,	3.145612019046778673e+00,	3.311170546365030276e+00	3.311170546365030276e+00	3.476729073683281879e+00	3.476729073683281879e+00	3.476729073683281879e+00	3.642287601001533481e+00	3.476729073683281879e+00, 3.476729073683281879e+00	3.476729073683281879e+00	3.311170546365030276e+00	3.311170546365030276e+00	3.145612019046778673e+00	3.145612019046778673e+00	2.980053491728527071e+00	2.814494964410275912e+00	2.483377909773772707e+00
			2.648936437092024310e+00, 2.814494964410275912e+00, 3.145612019046778673e+00, 3.145612019046778673e+00,	3.311170546365030276e+00,	3.476729073683281879e+00	3.476729073683281879e+00	3.642287601001533481e+00	3.642287601001533481e+00	3.642287601001533481e+00	3.642287601001533481e+00	3.642287601001533481e+00, 3.642287601001533481e+00	3.642287601001533481e+00	3.476729073683281879e+00	3.476729073683281879e+00	3.311170546365030276e+00	3.145612019046778673e+00	3.145612019046778673e+00	2.814494964410275912e+00	2.648936437092024310e+00
			2.648936437092024310e+00, 2.980053491728527071e+00, 3.145612019046778673e+00, 3.311170546365030276e+00,	3.476729073683281879e+00,	3.642287601001533481e+00	3.642287601001533481e+00	3.807846128319784640e+00	3.807846128319784640e+00	3.807846128319784640e+00	3.807846128319784640e+00	3.807846128319784640e+00, 3.807846128319784640e+00	3.807846128319784640e+00	3.642287601001533481e+00	3.642287601001533481e+00	3.476729073683281879e+00	3.311170546365030276e+00	3.145612019046778673e+00	2.980053491728527071e+00	2.648936437092024310e+00
			2.814494964410275912e+00, 3.145612019046778673e+00, 3.311170546365030276e+00, 3.476729073683281879e+00,	3.642287601001533481e+00,	3.642287601001533481e+00	3.807846128319784640e+00	3.973404655638036687e+00	3.973404655638036687e+00	3.973404655638036687e+00	3.973404655638036687e+00	3.973404655638036687e+00, 3.973404655638036687e+00	3.973404655638036687e+00	3.807846128319784640e+00	3.642287601001533481e+00	3.642287601001533481e+00	3.476729073683281879e+00	3.311170546365030276e+00	3.145612019046778673e+00	2.814494964410275912e+00
			2.814494964410275912e+00, 3.145612019046778673e+00, 3.476729073683281879e+00, 3.642287601001533481e+00,	3.642287601001533481e+00,	3.807846128319784640e+00	3.973404655638036687e+00	3.973404655638036687e+00	4.138963182956287845e+00	4.138963182956287845e+00	4.138963182956287845e+00	4.138963182956287845e+00, 4.138963182956287845e+00	4.138963182956287845e+00	3.973404655638036687e+00	3.807846128319784640e+00	3.807846128319784640e+00	3.642287601001533481e+00	3.476729073683281879e+00	3.145612019046778673e+00	2.814494964410275912e+00
			2.980053491728527071e+00, 3.311170546365030276e+00, 3.476729073683281879e+00, 3.807846128319784640e+00,	3.807846128319784640e+00,	3.973404655638036687e+00	4.138963182956287845e+00	4.138963182956287845e+00	4.304521710274539004e+00	4.304521710274539004e+00	4.304521710274539004e+00	4.304521710274539004e+00, 4.304521710274539004e+00	4.138963182956287845e+00	4.138963182956287845e+00	3.973404655638036687e+00	3.807846128319784640e+00	3.642287601001533481e+00	3.476729073683281879e+00	3.311170546365030276e+00	2.980053491728527071e+00
			2.980053491728527071e+00, 3.476729073683281879e+00, 3.642287601001533481e+00, 3.807846128319784640e+00,	3.973404655638036687e+00,	4.138963182956287845e+00	4.304521710274539004e+00	4.304521710274539004e+00	4.470080237592791050e+00	4.470080237592791050e+00	4.470080237592791050e+00	4.470080237592791050e+00, 4.470080237592791050e+00	4.304521710274539004e+00	4.304521710274539004e+00	4.138963182956287845e+00	3.973404655638036687e+00	3.807846128319784640e+00	3.642287601001533481e+00	3.476729073683281879e+00	2.980053491728527071e+00
			3.145612019046778673e+00, 3.476729073683281879e+00, 3.807846128319784640e+00, 3.973404655638036687e+00,	4.138963182956287845e+00,	4.304521710274539004e+00	4.470080237592791050e+00	4.470080237592791050e+00	4.635638764911043097e+00	4.635638764911043097e+00	4.635638764911043097e+00	4.635638764911043097e+00, 4.635638764911043097e+00	4.470080237592791050e+00	4.470080237592791050e+00	4.304521710274539004e+00	4.138963182956287845e+00	3.973404655638036687e+00	3.807846128319784640e+00	3.476729073683281879e+00	2.980053491728527071e+00
			3.145612019046778673e+00, 3.642287601001533481e+00, 3.973404655638036687e+00, 4.138963182956287845e+00,	4.304521710274539004e+00,	4.470080237592791050e+00	4.635638764911043097e+00	4.635638764911043097e+00	4.801197292229293367e+00	4.801197292229293367e+00	4.801197292229293367e+00	4.801197292229293367e+00, 4.801197292229293367e+00	4.635638764911043097e+00	4.635638764911043097e+00	4.470080237592791050e+00	4.304521710274539004e+00	4.138963182956287845e+00	3.973404655638036687e+00	3.642287601001533481e+00	3.145612019046778673e+00
			3.311170546365030276e+00, 3.807846128319784640e+00, 4.138963182956287845e+00, 4.304521710274539004e+00,	4.470080237592791050e+00,	4.635638764911043097e+00	4.635638764911043097e+00	4.801197292229293367e+00	4.966755819547545414e+00	4.966755819547545414e+00	4.966755819547545414e+00	4.966755819547545414e+00, 4.966755819547545414e+00	4.801197292229293367e+00	4.635638764911043097e+00	4.635638764911043097e+00	4.470080237592791050e+00	4.304521710274539004e+00	4.138963182956287845e+00	3.807846128319784640e+00	3.311170546365030276e+00
			3.311170546365030276e+00, 3.807846128319784640e+00, 4.138963182956287845e+00, 4.470080237592791050e+00,	4.635638764911043097e+00,	4.635638764911043097e+00	4.801197292229293367e+00	4.966755819547545414e+00	4.966755819547545414e+00	5.132314346865797461e+00	5.132314346865797461e+00	5.132314346865797461e+00, 4.966755819547545414e+00	4.966755819547545414e+00	4.801197292229293367e+00	4.801197292229293367e+00	4.635638764911043097e+00	4.470080237592791050e+00	4.138963182956287845e+00	3.807846128319784640e+00	3.311170546365030276e+00
			3.476729073683281879e+00, 3.973404655638036687e+00, 4.304521710274539004e+00, 4.470080237592791050e+00,	4.635638764911043097e+00,	4.801197292229293367e+00	4.966755819547545414e+00	5.132314346865797461e+00	5.132314346865797461e+00	5.297872874184048619e+00	5.297872874184048619e+00	5.132314346865797461e+00, 5.132314346865797461e+00	5.132314346865797461e+00	4.966755819547545414e+00	4.801197292229293367e+00	4.635638764911043097e+00	4.470080237592791050e+00	4.304521710274539004e+00	3.973404655638036687e+00	3.476729073683281879e+00
			3.642287601001533481e+00, 4.138963182956287845e+00, 4.470080237592791050e+00, 4.635638764911043097e+00,	4.801197292229293367e+00,	4.966755819547545414e+00	5.132314346865797461e+00	5.297872874184048619e+00	5.297872874184048619e+00	5.297872874184048619e+00	5.297872874184048619e+00	5.297872874184048619e+00, 5.297872874184048619e+00	5.297872874184048619e+00	5.132314346865797461e+00	4.966755819547545414e+00	4.801197292229293367e+00	4.635638764911043097e+00	4.470080237592791050e+00	4.138963182956287845e+00	3.476729073683281879e+00
			3.642287601001533481e+00, 4.138963182956287845e+00, 4.635638764911043097e+00, 4.801197292229293367e+00,	4.966755819547545414e+00,	5.132314346865797461e+00	5.297872874184048619e+00	5.463431401502299778e+00	5.463431401502299778e+00	5.463431401502299778e+00	5.463431401502299778e+00	5.463431401502299778e+00, 5.463431401502299778e+00	5.463431401502299778e+00	5.297872874184048619e+00	5.132314346865797461e+00	4.966755819547545414e+00	4.801197292229293367e+00	4.470080237592791050e+00	4.138963182956287845e+00	3.642287601001533481e+00
			3.807846128319784640e+00, 4.304521710274539004e+00, 4.635638764911043097e+00, 4.966755819547545414e+00,	5.132314346865797461e+00,	5.297872874184048619e+00	5.463431401502299778e+00	5.628989928820551825e+00	5.628989928820551825e+00	5.628989928820551825e+00	5.628989928820551825e+00	5.628989928820551825e+00, 5.628989928820551825e+00	5.628989928820551825e+00	5.463431401502299778e+00	5.297872874184048619e+00	5.132314346865797461e+00	4.966755819547545414e+00	4.635638764911043097e+00	4.304521710274539004e+00	3.642287601001533481e+00
			3.807846128319784640e+00, 4.470080237592791050e+00, 4.801197292229293367e+00, 5.132314346865797461e+00,	5.297872874184048619e+00,	5.463431401502299778e+00	5.628989928820551825e+00	5.628989928820551825e+00	5.794548456138802983e+00	5.794548456138802983e+00	5.794548456138802983e+00	5.794548456138802983e+00, 5.794548456138802983e+00	5.628989928820551825e+00	5.628989928820551825e+00	5.463431401502299778e+00	5.297872874184048619e+00	5.132314346865797461e+00	4.801197292229293367e+00	4.470080237592791050e+00	3.807846128319784640e+00
			3.973404655638036687e+00, 4.635638764911043097e+00, 4.966755819547545414e+00, 5.132314346865797461e+00,	5.463431401502299778e+00,	5.628989928820551825e+00	5.794548456138802983e+00	5.794548456138802983e+00	5.794548456138802983e+00	5.794548456138802983e+00	5.794548456138802983e+00	5.794548456138802983e+00, 5.794548456138802983e+00	5.794548456138802983e+00	5.794548456138802983e+00	5.628989928820551825e+00	5.463431401502299778e+00	5.132314346865797461e+00	4.966755819547545414e+00	4.470080237592791050e+00	3.807846128319784640e+00

		Notes: Pf1 and Pf2 are slightly different from each other.
		

		Jf2 =	5.589079051242338281e-01, 5.189079051242337925e-01,	5.189079051242337925e-01,	5.189079051242337925e-01	5.989079051242337526e-01	5.989079051242337526e-01	6.789079051242338236e-01	6.789079051242338236e-01	6.789079051242338236e-01	7.989079051242338192e-01	7.989079051242338192e-01	7.989079051242338192e-01	6.789079051242338236e-01	6.789079051242338236e-01	6.789079051242338236e-01	5.989079051242337526e-01	5.989079051242337526e-01	5.189079051242337925e-01	5.189079051242337925e-01	5.189079051242337925e-01	5.189079051242337925e-01
			4.789079051242337570e-01, 4.789079051242337570e-01,	5.189079051242337925e-01,	5.189079051242337925e-01	5.989079051242337526e-01	5.989079051242337526e-01	6.789079051242338236e-01	6.789079051242338236e-01	6.789079051242338236e-01	7.989079051242338192e-01	7.989079051242338192e-01	7.589079051242337837e-01	6.789079051242338236e-01	6.789079051242338236e-01	6.789079051242338236e-01	5.989079051242337526e-01	5.989079051242337526e-01	5.189079051242337925e-01	5.189079051242337925e-01	4.389079051242337770e-01	4.389079051242337770e-01
			3.989079051242337970e-01, 4.789079051242337570e-01,	4.789079051242337570e-01,	5.189079051242337925e-01	5.989079051242337526e-01	5.989079051242337526e-01	5.989079051242337526e-01	6.789079051242338236e-01	6.789079051242338236e-01	7.589079051242337837e-01	7.589079051242337837e-01	7.589079051242337837e-01	6.789079051242338236e-01	6.789079051242338236e-01	5.989079051242337526e-01	5.989079051242337526e-01	5.189079051242337925e-01	5.189079051242337925e-01	4.389079051242337770e-01	4.389079051242337770e-01	3.989079051242337970e-01
			3.589079051242337615e-01, 3.989079051242337970e-01,	4.789079051242337570e-01,	5.189079051242337925e-01	5.189079051242337925e-01	5.989079051242337526e-01	5.989079051242337526e-01	6.789079051242338236e-01	6.789079051242338236e-01	6.789079051242338236e-01	7.589079051242337837e-01	7.589079051242337837e-01	6.789079051242338236e-01	6.789079051242338236e-01	5.989079051242337526e-01	5.989079051242337526e-01	5.189079051242337925e-01	5.189079051242337925e-01	4.389079051242337770e-01	3.989079051242337970e-01	3.589079051242337615e-01
			3.189079051242337814e-01, 3.989079051242337970e-01,	4.789079051242337570e-01,	4.789079051242337570e-01	5.189079051242337925e-01	5.989079051242337526e-01	5.989079051242337526e-01	6.789079051242338236e-01	6.789079051242338236e-01	6.789079051242338236e-01	7.589079051242337837e-01	6.789079051242338236e-01	6.789079051242338236e-01	6.789079051242338236e-01	5.989079051242337526e-01	5.989079051242337526e-01	5.189079051242337925e-01	4.389079051242337770e-01	4.389079051242337770e-01	3.989079051242337970e-01	3.189079051242337814e-01
			3.189079051242337814e-01, 3.589079051242337615e-01,	4.789079051242337570e-01,	4.789079051242337570e-01	5.189079051242337925e-01	5.989079051242337526e-01	5.989079051242337526e-01	6.789079051242338236e-01	6.789079051242338236e-01	6.789079051242338236e-01	6.789079051242338236e-01	6.789079051242338236e-01	6.789079051242338236e-01	6.789079051242338236e-01	5.989079051242337526e-01	5.989079051242337526e-01	5.189079051242337925e-01	4.389079051242337770e-01	4.389079051242337770e-01	3.589079051242337615e-01	3.189079051242337814e-01
			2.789079051242338014e-01, 3.589079051242337615e-01,	3.989079051242337970e-01,	4.789079051242337570e-01	5.189079051242337925e-01	5.989079051242337526e-01	5.989079051242337526e-01	6.789079051242338236e-01	6.789079051242338236e-01	6.789079051242338236e-01	6.789079051242338236e-01	6.789079051242338236e-01	6.789079051242338236e-01	6.789079051242338236e-01	5.989079051242337526e-01	5.989079051242337526e-01	5.189079051242337925e-01	4.389079051242337770e-01	3.989079051242337970e-01	3.589079051242337615e-01	2.789079051242338014e-01
			3.189079051242337814e-01, 3.589079051242337615e-01,	4.389079051242337770e-01,	4.789079051242337570e-01	5.189079051242337925e-01	5.189079051242337925e-01	5.989079051242337526e-01	6.789079051242338236e-01	6.789079051242338236e-01	6.789079051242338236e-01	6.789079051242338236e-01	6.789079051242338236e-01	6.789079051242338236e-01	6.789079051242338236e-01	5.989079051242337526e-01	5.189079051242337925e-01	5.189079051242337925e-01	4.389079051242337770e-01	3.989079051242337970e-01	3.589079051242337615e-01	2.789079051242338014e-01
			2.789079051242338014e-01, 3.189079051242337814e-01,	4.389079051242337770e-01,	4.789079051242337570e-01	4.789079051242337570e-01	5.189079051242337925e-01	5.989079051242337526e-01	5.989079051242337526e-01	6.789079051242338236e-01	6.789079051242338236e-01	6.789079051242338236e-01	6.789079051242338236e-01	6.789079051242338236e-01	6.389079051242337881e-01	5.989079051242337526e-01	5.189079051242337925e-01	5.189079051242337925e-01	4.389079051242337770e-01	3.989079051242337970e-01	3.189079051242337814e-01	2.789079051242338014e-01
			2.789079051242338014e-01, 3.189079051242337814e-01,	3.589079051242337615e-01,	4.789079051242337570e-01	4.789079051242337570e-01	5.189079051242337925e-01	5.989079051242337526e-01	5.989079051242337526e-01	6.789079051242338236e-01	6.789079051242338236e-01	6.789079051242338236e-01	6.789079051242338236e-01	6.789079051242338236e-01	5.989079051242337526e-01	5.989079051242337526e-01	5.189079051242337925e-01	4.389079051242337770e-01	3.989079051242337970e-01	3.589079051242337615e-01	3.189079051242337814e-01	2.789079051242338014e-01
			2.389079051242337659e-01, 3.589079051242337615e-01,	3.989079051242337970e-01,	4.389079051242337770e-01	4.789079051242337570e-01	5.189079051242337925e-01	5.989079051242337526e-01	5.989079051242337526e-01	6.789079051242338236e-01	6.789079051242338236e-01	6.789079051242338236e-01	6.789079051242338236e-01	6.789079051242338236e-01	5.989079051242337526e-01	5.989079051242337526e-01	5.189079051242337925e-01	4.389079051242337770e-01	3.989079051242337970e-01	3.589079051242337615e-01	3.189079051242337814e-01	2.389079051242337659e-01
			2.389079051242337659e-01, 3.189079051242337814e-01,	3.989079051242337970e-01,	4.389079051242337770e-01	4.789079051242337570e-01	5.189079051242337925e-01	5.989079051242337526e-01	5.989079051242337526e-01	6.789079051242338236e-01	6.789079051242338236e-01	6.789079051242338236e-01	6.789079051242338236e-01	6.789079051242338236e-01	5.989079051242337526e-01	5.989079051242337526e-01	5.189079051242337925e-01	4.789079051242337570e-01	3.989079051242337970e-01	3.589079051242337615e-01	3.189079051242337814e-01	2.389079051242337659e-01
			2.389079051242337659e-01, 3.189079051242337814e-01,	3.989079051242337970e-01,	4.389079051242337770e-01	4.789079051242337570e-01	5.189079051242337925e-01	5.989079051242337526e-01	5.989079051242337526e-01	6.789079051242338236e-01	6.789079051242338236e-01	6.789079051242338236e-01	6.789079051242338236e-01	6.789079051242338236e-01	5.989079051242337526e-01	5.989079051242337526e-01	5.189079051242337925e-01	4.789079051242337570e-01	3.989079051242337970e-01	3.589079051242337615e-01	3.189079051242337814e-01	2.389079051242337659e-01
			2.389079051242337659e-01, 3.189079051242337814e-01,	3.989079051242337970e-01,	4.389079051242337770e-01	4.789079051242337570e-01	5.189079051242337925e-01	5.189079051242337925e-01	5.989079051242337526e-01	6.789079051242338236e-01	6.789079051242338236e-01	6.789079051242338236e-01	6.789079051242338236e-01	5.989079051242337526e-01	5.989079051242337526e-01	5.189079051242337925e-01	5.189079051242337925e-01	4.789079051242337570e-01	3.989079051242337970e-01	3.589079051242337615e-01	3.189079051242337814e-01	2.389079051242337659e-01
			1.989079051242337859e-01, 2.789079051242338014e-01,	3.589079051242337615e-01,	4.389079051242337770e-01	4.789079051242337570e-01	4.789079051242337570e-01	5.189079051242337925e-01	5.989079051242337526e-01	5.989079051242337526e-01	6.789079051242338236e-01	6.789079051242338236e-01	6.789079051242338236e-01	5.989079051242337526e-01	5.989079051242337526e-01	5.189079051242337925e-01	5.189079051242337925e-01	4.789079051242337570e-01	3.989079051242337970e-01	3.189079051242337814e-01	2.789079051242338014e-01	1.989079051242337859e-01
			1.989079051242337859e-01, 2.789079051242338014e-01,	3.589079051242337615e-01,	3.989079051242337970e-01	4.389079051242337770e-01	4.789079051242337570e-01	5.189079051242337925e-01	5.989079051242337526e-01	5.989079051242337526e-01	6.789079051242338236e-01	6.789079051242338236e-01	5.989079051242337526e-01	5.989079051242337526e-01	5.989079051242337526e-01	5.189079051242337925e-01	4.789079051242337570e-01	3.989079051242337970e-01	3.589079051242337615e-01	3.589079051242337615e-01	2.789079051242338014e-01	2.389079051242337659e-01
			2.389079051242337659e-01, 2.789079051242338014e-01,	3.589079051242337615e-01,	3.989079051242337970e-01	4.389079051242337770e-01	4.789079051242337570e-01	5.589079051242338281e-01	5.989079051242337526e-01	5.989079051242337526e-01	5.989079051242337526e-01	5.989079051242337526e-01	5.989079051242337526e-01	5.989079051242337526e-01	5.989079051242337526e-01	5.189079051242337925e-01	4.789079051242337570e-01	4.389079051242337770e-01	3.589079051242337615e-01	3.589079051242337615e-01	2.789079051242338014e-01	1.989079051242337859e-01
			1.989079051242337859e-01, 2.789079051242338014e-01,	3.589079051242337615e-01,	3.989079051242337970e-01	4.389079051242337770e-01	4.789079051242337570e-01	5.589079051242338281e-01	5.989079051242337526e-01	5.989079051242337526e-01	5.989079051242337526e-01	5.989079051242337526e-01	5.989079051242337526e-01	5.989079051242337526e-01	5.989079051242337526e-01	5.189079051242337925e-01	4.789079051242337570e-01	4.389079051242337770e-01	3.989079051242337970e-01	3.189079051242337814e-01	2.789079051242338014e-01	1.989079051242337859e-01
			1.989079051242337859e-01, 2.789079051242338014e-01,	3.189079051242337814e-01,	3.989079051242337970e-01	4.389079051242337770e-01	4.789079051242337570e-01	5.589079051242338281e-01	5.989079051242337526e-01	5.989079051242337526e-01	5.989079051242337526e-01	5.989079051242337526e-01	5.989079051242337526e-01	5.989079051242337526e-01	5.989079051242337526e-01	5.189079051242337925e-01	4.789079051242337570e-01	4.389079051242337770e-01	3.989079051242337970e-01	3.189079051242337814e-01	2.789079051242338014e-01	1.989079051242337859e-01
			1.989079051242337859e-01, 2.789079051242338014e-01,	3.189079051242337814e-01,	3.989079051242337970e-01	4.389079051242337770e-01	4.789079051242337570e-01	5.589079051242338281e-01	5.589079051242338281e-01	5.989079051242337526e-01	5.989079051242337526e-01	5.989079051242337526e-01	5.989079051242337526e-01	5.989079051242337526e-01	5.189079051242337925e-01	5.189079051242337925e-01	4.789079051242337570e-01	4.389079051242337770e-01	3.989079051242337970e-01	3.189079051242337814e-01	2.789079051242338014e-01	1.989079051242337859e-01
			1.989079051242337859e-01, 2.789079051242338014e-01,	3.189079051242337814e-01,	3.589079051242337615e-01	4.389079051242337770e-01	4.789079051242337570e-01	5.589079051242338281e-01	5.589079051242338281e-01	5.589079051242338281e-01	5.189079051242337925e-01	5.189079051242337925e-01	5.189079051242337925e-01	5.189079051242337925e-01	5.189079051242337925e-01	5.189079051242337925e-01	4.789079051242337570e-01	4.389079051242337770e-01	3.589079051242337615e-01	3.189079051242337814e-01	2.389079051242337659e-01	1.989079051242337859e-01


		Jf2 =	5.582776341621973337e-01, 5.182776341621974092e-01, 5.182776341621974092e-01, 5.982776341621973692e-01,	5.982776341621973692e-01	5.982776341621973692e-01	6.782776341621974403e-01	6.782776341621974403e-01	6.782776341621974403e-01	7.982776341621974359e-01	7.982776341621974359e-01	7.982776341621974359e-01	6.782776341621974403e-01	6.782776341621974403e-01	6.782776341621974403e-01	5.982776341621973692e-01	5.982776341621973692e-01	5.182776341621974092e-01	5.182776341621974092e-01	5.182776341621974092e-01	5.182776341621974092e-01
			4.782776341621973737e-01, 4.782776341621973737e-01, 5.182776341621974092e-01, 5.182776341621974092e-01,	5.982776341621973692e-01	5.982776341621973692e-01	6.782776341621974403e-01	6.782776341621974403e-01	6.782776341621974403e-01	7.982776341621974359e-01	7.982776341621974359e-01	7.582776341621974003e-01	6.782776341621974403e-01	6.782776341621974403e-01	6.782776341621974403e-01	5.982776341621973692e-01	5.982776341621973692e-01	5.182776341621974092e-01	5.182776341621974092e-01	4.382776341621973937e-01	4.382776341621973937e-01
			3.982776341621974137e-01, 4.782776341621973737e-01, 4.782776341621973737e-01, 5.182776341621974092e-01,	5.982776341621973692e-01	5.982776341621973692e-01	5.982776341621973692e-01	6.782776341621974403e-01	6.782776341621974403e-01	7.582776341621974003e-01	7.582776341621974003e-01	7.582776341621974003e-01	6.782776341621974403e-01	6.782776341621974403e-01	5.982776341621973692e-01	5.982776341621973692e-01	5.182776341621974092e-01	5.182776341621974092e-01	4.382776341621973937e-01	4.382776341621973937e-01	3.982776341621974137e-01
			3.582776341621973781e-01, 3.982776341621974137e-01, 4.782776341621973737e-01, 5.182776341621974092e-01,	5.182776341621974092e-01	5.982776341621973692e-01	5.982776341621973692e-01	6.782776341621974403e-01	6.782776341621974403e-01	6.782776341621974403e-01	7.582776341621974003e-01	7.582776341621974003e-01	6.782776341621974403e-01	6.782776341621974403e-01	5.982776341621973692e-01	5.982776341621973692e-01	5.182776341621974092e-01	5.182776341621974092e-01	4.382776341621973937e-01	3.982776341621974137e-01	3.582776341621973781e-01
			3.182776341621973981e-01, 3.982776341621974137e-01, 4.782776341621973737e-01, 4.782776341621973737e-01,	5.182776341621974092e-01	5.982776341621973692e-01	5.982776341621973692e-01	6.782776341621974403e-01	6.782776341621974403e-01	6.782776341621974403e-01	7.582776341621974003e-01	6.782776341621974403e-01	6.782776341621974403e-01	6.782776341621974403e-01	5.982776341621973692e-01	5.982776341621973692e-01	5.182776341621974092e-01	5.182776341621974092e-01	4.382776341621973937e-01	3.982776341621974137e-01	3.182776341621973981e-01
			3.182776341621973981e-01, 3.582776341621973781e-01, 4.782776341621973737e-01, 4.782776341621973737e-01,	5.182776341621974092e-01	5.982776341621973692e-01	5.982776341621973692e-01	6.782776341621974403e-01	6.782776341621974403e-01	6.782776341621974403e-01	6.782776341621974403e-01	6.782776341621974403e-01	6.782776341621974403e-01	6.782776341621974403e-01	5.982776341621973692e-01	5.982776341621973692e-01	5.182776341621974092e-01	4.382776341621973937e-01	4.382776341621973937e-01	3.582776341621973781e-01	3.182776341621973981e-01
			3.182776341621973981e-01, 3.582776341621973781e-01, 4.382776341621973937e-01, 4.782776341621973737e-01,	5.182776341621974092e-01	5.982776341621973692e-01	5.982776341621973692e-01	6.782776341621974403e-01	6.782776341621974403e-01	6.782776341621974403e-01	6.782776341621974403e-01	6.782776341621974403e-01	6.782776341621974403e-01	6.782776341621974403e-01	5.982776341621973692e-01	5.982776341621973692e-01	5.182776341621974092e-01	4.382776341621973937e-01	3.982776341621974137e-01	3.582776341621973781e-01	2.782776341621974181e-01
			3.182776341621973981e-01, 3.582776341621973781e-01, 4.382776341621973937e-01, 4.782776341621973737e-01,	5.182776341621974092e-01	5.182776341621974092e-01	5.982776341621973692e-01	6.782776341621974403e-01	6.782776341621974403e-01	6.782776341621974403e-01	6.782776341621974403e-01	6.782776341621974403e-01	6.782776341621974403e-01	6.782776341621974403e-01	5.982776341621973692e-01	5.182776341621974092e-01	5.182776341621974092e-01	4.382776341621973937e-01	3.982776341621974137e-01	3.582776341621973781e-01	2.782776341621974181e-01
			2.782776341621974181e-01, 3.182776341621973981e-01, 4.382776341621973937e-01, 4.782776341621973737e-01,	4.782776341621973737e-01	5.182776341621974092e-01	5.982776341621973692e-01	5.982776341621973692e-01	6.782776341621974403e-01	6.782776341621974403e-01	6.782776341621974403e-01	6.782776341621974403e-01	6.782776341621974403e-01	6.382776341621974048e-01	5.982776341621973692e-01	5.182776341621974092e-01	5.182776341621974092e-01	4.382776341621973937e-01	3.982776341621974137e-01	3.182776341621973981e-01	2.782776341621974181e-01
			2.782776341621974181e-01, 3.582776341621973781e-01, 3.582776341621973781e-01, 4.782776341621973737e-01,	4.782776341621973737e-01	5.182776341621974092e-01	5.982776341621973692e-01	5.982776341621973692e-01	6.782776341621974403e-01	6.782776341621974403e-01	6.782776341621974403e-01	6.782776341621974403e-01	6.782776341621974403e-01	5.982776341621973692e-01	5.982776341621973692e-01	5.182776341621974092e-01	4.382776341621973937e-01	3.982776341621974137e-01	3.582776341621973781e-01	3.182776341621973981e-01	2.782776341621974181e-01
			2.382776341621973826e-01, 3.582776341621973781e-01, 3.982776341621974137e-01, 4.382776341621973937e-01,	4.782776341621973737e-01	5.182776341621974092e-01	5.982776341621973692e-01	5.982776341621973692e-01	6.782776341621974403e-01	6.782776341621974403e-01	6.782776341621974403e-01	6.782776341621974403e-01	6.782776341621974403e-01	5.982776341621973692e-01	5.982776341621973692e-01	5.182776341621974092e-01	4.782776341621973737e-01	3.982776341621974137e-01	3.582776341621973781e-01	3.182776341621973981e-01	2.382776341621973826e-01
			2.382776341621973826e-01, 3.182776341621973981e-01, 3.982776341621974137e-01, 4.382776341621973937e-01,	4.782776341621973737e-01	5.182776341621974092e-01	5.982776341621973692e-01	5.982776341621973692e-01	6.782776341621974403e-01	6.782776341621974403e-01	6.782776341621974403e-01	6.782776341621974403e-01	6.782776341621974403e-01	5.982776341621973692e-01	5.982776341621973692e-01	5.182776341621974092e-01	4.782776341621973737e-01	3.982776341621974137e-01	3.582776341621973781e-01	3.182776341621973981e-01	2.382776341621973826e-01
			2.382776341621973826e-01, 3.182776341621973981e-01, 3.982776341621974137e-01, 4.382776341621973937e-01,	4.782776341621973737e-01	5.182776341621974092e-01	5.982776341621973692e-01	5.982776341621973692e-01	6.782776341621974403e-01	6.782776341621974403e-01	6.782776341621974403e-01	6.782776341621974403e-01	6.782776341621974403e-01	5.982776341621973692e-01	5.982776341621973692e-01	5.182776341621974092e-01	4.782776341621973737e-01	3.982776341621974137e-01	3.582776341621973781e-01	3.182776341621973981e-01	2.382776341621973826e-01
			2.382776341621973826e-01, 3.182776341621973981e-01, 3.982776341621974137e-01, 4.382776341621973937e-01,	4.782776341621973737e-01	5.182776341621974092e-01	5.182776341621974092e-01	5.982776341621973692e-01	6.782776341621974403e-01	6.782776341621974403e-01	6.782776341621974403e-01	6.782776341621974403e-01	6.782776341621974403e-01	5.982776341621973692e-01	5.182776341621974092e-01	5.182776341621974092e-01	4.782776341621973737e-01	3.982776341621974137e-01	3.582776341621973781e-01	3.182776341621973981e-01	2.382776341621973826e-01
			1.982776341621974026e-01, 2.782776341621974181e-01, 3.582776341621973781e-01, 4.382776341621973937e-01,	4.782776341621973737e-01	4.782776341621973737e-01	5.182776341621974092e-01	5.982776341621973692e-01	5.982776341621973692e-01	6.782776341621974403e-01	6.782776341621974403e-01	6.782776341621974403e-01	5.982776341621973692e-01	5.982776341621973692e-01	5.182776341621974092e-01	5.182776341621974092e-01	4.782776341621973737e-01	3.982776341621974137e-01	3.582776341621973781e-01	2.782776341621974181e-01	1.982776341621974026e-01
			2.382776341621973826e-01, 2.782776341621974181e-01, 3.582776341621973781e-01, 3.982776341621974137e-01,	4.382776341621973937e-01	4.782776341621973737e-01	5.182776341621974092e-01	5.982776341621973692e-01	5.982776341621973692e-01	6.782776341621974403e-01	6.782776341621974403e-01	5.982776341621973692e-01	5.982776341621973692e-01	5.982776341621973692e-01	5.182776341621974092e-01	4.782776341621973737e-01	3.982776341621974137e-01	3.582776341621973781e-01	3.582776341621973781e-01	2.782776341621974181e-01	2.382776341621973826e-01
			2.382776341621973826e-01, 2.782776341621974181e-01, 3.582776341621973781e-01, 3.982776341621974137e-01,	4.382776341621973937e-01	4.782776341621973737e-01	5.582776341621973337e-01	5.982776341621973692e-01	5.982776341621973692e-01	5.982776341621973692e-01	5.982776341621973692e-01	5.982776341621973692e-01	5.982776341621973692e-01	5.982776341621973692e-01	5.182776341621974092e-01	4.782776341621973737e-01	4.382776341621973937e-01	3.582776341621973781e-01	3.582776341621973781e-01	2.782776341621974181e-01	1.982776341621974026e-01
			1.982776341621974026e-01, 2.782776341621974181e-01, 3.582776341621973781e-01, 3.982776341621974137e-01,	4.382776341621973937e-01	4.782776341621973737e-01	5.582776341621973337e-01	5.982776341621973692e-01	5.982776341621973692e-01	5.982776341621973692e-01	5.982776341621973692e-01	5.982776341621973692e-01	5.982776341621973692e-01	5.982776341621973692e-01	5.182776341621974092e-01	4.782776341621973737e-01	4.382776341621973937e-01	3.982776341621974137e-01	3.182776341621973981e-01	2.782776341621974181e-01	1.982776341621974026e-01
			1.982776341621974026e-01, 2.782776341621974181e-01, 3.182776341621973981e-01, 3.982776341621974137e-01,	4.382776341621973937e-01	4.782776341621973737e-01	5.582776341621973337e-01	5.982776341621973692e-01	5.982776341621973692e-01	5.982776341621973692e-01	5.982776341621973692e-01	5.982776341621973692e-01	5.982776341621973692e-01	5.982776341621973692e-01	5.182776341621974092e-01	4.782776341621973737e-01	4.382776341621973937e-01	3.982776341621974137e-01	3.182776341621973981e-01	2.782776341621974181e-01	1.982776341621974026e-01
			1.982776341621974026e-01, 2.782776341621974181e-01, 3.182776341621973981e-01, 3.982776341621974137e-01,	4.382776341621973937e-01	4.782776341621973737e-01	5.582776341621973337e-01	5.582776341621973337e-01	5.982776341621973692e-01	5.982776341621973692e-01	5.982776341621973692e-01	5.982776341621973692e-01	5.982776341621973692e-01	5.182776341621974092e-01	5.182776341621974092e-01	4.782776341621973737e-01	4.382776341621973937e-01	3.982776341621974137e-01	3.182776341621973981e-01	2.782776341621974181e-01	1.982776341621974026e-01
			1.982776341621974026e-01, 2.782776341621974181e-01, 3.182776341621973981e-01, 3.582776341621973781e-01, 4.382776341621973937e-01	4.782776341621973737e-01	5.582776341621973337e-01	5.582776341621973337e-01	5.582776341621973337e-01	5.582776341621973337e-01	5.182776341621974092e-01	5.182776341621974092e-01	5.182776341621974092e-01	5.182776341621974092e-01	5.182776341621974092e-01	4.782776341621973737e-01	4.382776341621973937e-01	3.582776341621973781e-01	3.182776341621973981e-01	2.382776341621973826e-01	1.982776341621974026e-01

10/10/2017 (Tue)

1. Organize the Pf1, Pf2, Jf1, and Jf2

2. When readVF = False, ccrit = 1.0E-10, maxwhile = 4000, znpts = knpts = ellnpts = 21  =>  Converges after  iterations

3. The only thing pizzled me is that after running the simulation for the 1st time and saving the data in a pickle file,
   I did shorten the time for the simulation when I set readVF = false. However, it's not as quick as I would have thought.

4. I should change ccrit = 1.0E-05, set the maxwhile = 4000, znpts = knpts = ellnpts = 21


10/11/2017(Wed)

1.  Keep oerganizing the Pf1, Pf2, Jf1, and Jf2

2.  Comments on simulations:

	a. When ccrit = 1.0E-01 (very high ccrit), maxwhile = 4000, znpts = knpts = ellnpts = 21
   	   => Every graph looks fine, EXCEPT the utility graph.
	
	b. When ccrit = 1.0E-01 (very high ccrit), maxwhile = 4000, znpts = knpts = ellnpts = 11
	   => Every graph looks fine, EXCEPT the utility graph
	
	So I can suggest that there may be a typepo/ an error when we define the utility function 
	Correct version(according to the note from Dr. Phillips): u = (c**(1-gamma)-1)/(1-gamma) - (chi*ell**(1+theta))/(1+theta)
	Previous version: u = c**(1-gamma)/(1-gamma) - chi*ell**(1+theta)/(1+theta)

	Comments: I think I fixed the utility function to u = (c**(1-gamma)-1)/(1-gamma) - (chi*ell**(1+theta))/(1+theta)
		  When I ran it again with znpts = knpts = ellnpts = 21, the graphs of utility function still look weird



















			


